1284
1949 20
24096 18968 82966 71256 98832 52845 2883 63589 5658 7767 96757 99572 99686 77607 75188 21318 29512 46254 41367 1416
8696 20
82577 24855 38304 35619 3876 78115 94634 82092 45104 17085 77630 89554 5076 87902 44776 2284 66416 42488 86267 65791
4871 20
83073 18945 52743 17164 42134 11543 920 10014 58146 29616 66996 50357 79041 98377 12492 55914 2030 68337 17652 72701
6550 19
11530 16395 93066 80912 7958 65313 33058 57527 85050 97857 10051 57286 12759 31067 49892 97138 35700 94970 63103
4705 17
33664 71928 26982 27498 19051 28939 58350 92431 51664 95102 37941 24661 29112 15961 9691 66365 46654
8384 20
67329 24067 76168 89482 34713 37923 79781 45614 81966 27699 69826 84933 54344 84313 67804 15212 90223 71023 4986 29310
2297 17
32352 48161 20451 19238 74118 54343 5511 67018 42504 98491 70960 72402 26037 34902 44219 6718 61759
7327 17
85856 5377 89861 10089 97546 72011 2444 7209 56397 66385 50738 23059 91892 80916 62968 69788 91198
9772 16
70656 34725 39849 20394 95372 90925 63725 10639 77264 10161 45682 18994 71956 1331 12919 41179
2610 20
74761 7820 66708 89240 39325 30494 48043 11071 65479 52297 71113 4174 49113 10458 25060 1382 77032 48745 53356 61304
5724 19
24578 16663 21401 93722 9003 12844 43701 63547 13122 19536 8025 83428 89956 53478 4331 91251 3319 64761 72830
3428 20
44929 61709 63123 97430 28439 51354 47401 87468 53296 25787 49856 94797 49358 71379 56796 612 69864 88298 36727 39161
8530 20
2304 5892 42760 99723 82458 26138 27044 87719 22968 16064 53582 59089 96213 81373 98024 11503 32631 19448 20859 88957
6241 18
21600 12416 74814 54471 88617 86442 61451 40462 66575 42960 66639 48146 36531 31889 25240 13562 98014 40351
5523 19
67081 82572 37009 18711 64293 95018 89131 20012 33580 65454 74547 31675 80571 44354 40020 36834 31078 48363 17531
8617 14
70208 58113 27336 65001 89450 24555 62826 12078 96366 73616 56222 53656 80572 27070
8738 17
2052 33701 88550 34438 20614 42857 485 36519 69069 41936 89237 10840 1081 92795 46844 68221 47390
1634 15
75776 18305 5282 2981 774 42058 48779 57740 90605 69902 36241 87092 24468 34392 15323
8917 14
3456 10177 60134 61097 39083 6604 40941 65614 32911 14901 38007 18745 22365 42526
3953 18
66720 5704 78057 8169 64680 80813 51407 64015 95826 11603 95955 38261 28280 88667 19290 32155 15550 54495
6897 19
87937 28038 14860 48793 43423 71074 6564 95402 37550 54084 56907 14925 73295 75602 3932 16476 83304 10856 54263
1864 14
78112 18625 34568 80808 35086 54703 46864 43957 30623 94551 52248 33943 22717 96511
8728 19
71936 50050 35203 74374 72584 32405 87702 10134 65433 15654 35881 18116 81479 69082 56671 74978 73194 33260 47730
53 11
67042 1061 60488 45897 61098 2478 42293 70968 56156 27198 19871
4758 19
74497 2051 24709 94218 54287 92408 47525 99010 71749 4552 41803 91216 26076 61417 63986 33654 23928 84347 2686
8691 20
18437 15371 55052 78477 11153 87419 59290 55714 80049 85175 20152 50247 33992 46058 35565 1012 15480 29434 78715 48126
1045 20
63622 54028 41485 49560 77344 29992 38313 91949 43439 90560 87873 17105 44114 39892 20566 95978 20595 56316 21886 25087
9829 18
51779 11205 86822 88487 20136 56041 32779 77453 83501 21391 1070 70861 47315 97558 3990 64120 75869 67231
4193 12
51587 16068 58278 82470 97482 52011 99564 29869 34675 8596 49397 24403
7281 18
39968 3009 33026 12771 27077 26693 4425 8971 15340 53518 88047 35664 74003 20628 64213 83800 87511 92440
2359 15
60259 9508 12451 20678 30503 52615 63497 19053 78319 55889 85810 14067 28632 83803 98686
18 14
35169 55842 69057 52395 64396 74125 80302 29586 74997 75224 56601 73308 98878 52255
8149 10
39297 88199 71560 42728 79950 46288 11281 87508 59349 16863
9255 14
33025 40739 54473 12490 17705 10121 29485 82545 1875 19731 80757 14871 87929 69499
1760 10
82880 40929 5901 14830 49620 46805 22422 58487 28953 39132
627 20
6016 47618 17668 39432 41993 38799 75802 60962 20137 18989 61874 60226 74570 92874 52170 76493 49106 94802 13907 46427
3938 12
38662 68684 59885 70893 16110 83826 75092 92820 12180 20791 43547 37595
349 20
55168 71808 73350 45706 83215 56492 49971 93253 64201 59352 92378 99807 10212 17897 87536 97265 20469 18167 39545 34171
8791 19
91907 67079 27407 68515 86695 95022 73654 32205 10195 58323 77912 5851 7772 7524 70762 40812 89708 99958 55805
7491 18
43424 48935 24104 60681 70505 29611 25513 39338 6316 67568 89044 14389 32661 69142 39743 21049 8221 75423
9447 20
14339 38150 70663 410 673 61857 38320 34612 76725 98621 83518 38593 63821 89681 38493 76262 90735 33653 42871 20351
7989 14
34694 46347 12877 22925 6800 95793 92114 31099 4181 46874 25304 39418 33147 86559
5134 15
77120 41345 41570 97031 93992 6727 98153 62796 97582 79664 10421 91032 68890 73307 78271
1161 11
35684 41509 57095 24904 31630 17614 6615 45754 47289 83258 50715
2380 12
42369 6118 96137 65802 11146 29106 37395 83028 12664 90457 75099 11550
9092 14
14305 39395 61446 33002 14736 70866 56179 59636 52279 83350 4727 27133 43902 50047
650 14
68353 88226 18275 60100 44740 78383 61008 50898 78483 26135 68345 4701 33694 59551
111 14
20320 55457 45472 79430 38153 70445 78382 40466 61427 15253 1559 8792 1692 97759
6871 20
39044 40071 47629 31515 75548 13601 59306 87851 36149 21581 67662 42836 599 66013 16615 59246 74736 74615 12282 80127
198 13
37953 3333 40934 36870 79943 42091 9872 11316 19029 64023 86139 46140 38878
5771 19
93188 93974 79899 72219 3612 54432 75809 28069 24242 1209 33987 99914 59863 61655 64988 33122 86501 66534 49265
8887 18
89506 63045 96383 69321 45450 42539 67211 26988 50060 87881 12560 41297 6956 19827 73556 19482 74971 80223
7819 20
39170 89224 37514 53006 71839 88097 21414 58796 58040 47416 60221 32704 20549 86604 45905 1367 86747 85469 42215 8183
6644 20
34688 62465 89990 39066 5281 34217 79918 43182 73905 59710 10816 67532 87633 32722 60249 35676 47332 91504 2164 52990
2882 12
6626 34082 16292 65860 130 54090 34255 83698 78934 7897 48828 24478
2006 13
94498 96323 42790 36998 16873 75657 96719 42447 79411 27157 20664 3964 88446
5348 18
6144 92159 21795 30371 9820 37958 16521 43951 44592 63951 30289 27669 22038 2519 60666 75228 70428 42335
177 17
68856 58466 38787 79625 41033 32108 86060 45612 63728 722 56212 58838 24856 74013 859 95196 56541
8181 19
59532 82963 56979 56597 49564 74272 34337 76450 45999 80560 83126 39996 52171 7259 29408 23141 40430 37489 15098
9128 17
20291 90595 22056 6763 26264 14032 88368 66290 77778 41170 48531 59735 6199 56152 43449 76763 76510
7791 18
75810 87331 35109 23942 49959 27113 81321 48237 26638 84014 81874 41427 54133 87958 91641 32187 93181 83007
2346 11
90784 75265 3616 38852 62638 23022 22001 2355 90132 33916 5214
8490 14
70466 82276 52199 72199 1738 6575 11887 75442 50163 6067 5462 48919 74268 12447
661 20
31489 87312 32402 44823 9112 46618 50977 77606 48941 55860 41272 26557 15297 49350 15973 66405 86001 25973 83190 5110
122 10
70053 22078 13385 98090 89613 78834 37843 47800 12344 55902
8279 11
24737 82502 32039 63624 11213 79437 98543 73237 63029 43322 96414
1023 14
89160 97098 43370 10828 55186 94739 97587 30515 85591 61112 27354 9084 83452 99039
7984 19
44930 7690 57104 83098 60574 91557 78896 88120 57279 55615 40900 6981 97991 56008 27980 38861 96995 98660 59248
8758 16
17985 57507 18403 5445 60299 36492 74958 45583 51760 95727 66675 13373 68057 88026 49244 24925
4074 20
92803 2184 75565 40629 47160 99133 15039 39999 95431 87114 87243 60749 33235 31062 22232 87003 71391 7282 66165 95481
6754 12
60674 57188 47046 69574 38055 48874 64971 16462 54195 9716 6136 73946
5804 17
68128 90819 8102 99751 48473 8105 22763 41712 62289 91571 4467 94485 51893 62136 34521 30618 5917
7358 19
81543 46729 51487 8226 45114 36550 34122 65619 63957 59605 47834 34271 65508 81897 88944 67570 30585 46203 41726
806 13
93536 77280 81762 25022 68168 61355 43249 43442 71891 59283 91541 2074 82846
4460 17
51201 56836 12804 54694 36327 43208 21702 69675 35789 25169 82131 76084 96436 95798 98425 42973 8319
2732 14
55683 58308 48868 12612 96872 45352 30026 17453 61549 34513 98643 60437 32601 16158
5020 12
70976 34753 23908 11335 28296 97385 72364 24078 56306 61717 84053 71679
7305 11
27769 80227 16103 17735 71052 23444 89141 31000 569 41276 95997
9927 12
62049 62499 15046 75180 6861 30544 79254 87095 79480 25242 74206 6495
416 17
84065 34561 96196 1508 80870 97542 10280 58698 27052 82929 71411 57140 61397 78548 85782 19674 348
9855 20
84226 24583 64392 56073 34698 18568 31629 51479 2999 83257 55738 14014 94033 74200 45533 21342 60258 79077 89198 69233
5339 19
21895 58639 63380 11166 97317 68007 57668 8649 93773 57166 40789 12125 82022 56296 74857 72427 61805 42866 58878
1549 11
52007 36648 47431 52239 39536 25013 5245 78457 92602 98461 61854
3679 17
15648 77953 23169 33897 73279 64846 43919 54193 30290 49586 32628 20209 39446 91484 53944 73820 8895
1653 18
93600 94978 23427 13447 38343 28095 37098 57035 96842 91818 94606 28621 98634 85842 28629 29400 32573 53375
7709 18
67654 58854 88615 53259 78733 23021 70512 6194 24499 71892 56021 17174 91415 9816 37972 80735 99195 69407
1349 19
17539 56202 50069 63894 19353 45850 75694 94002 32056 82237 74174 28366 44508 8164 22375 86640 75381 11511 42110
8005 19
59779 44049 63014 43568 66483 22715 69565 71358 75201 54867 7518 50403 38757 98798 63729 80374 58998 11769 2171
6063 20
9218 50947 67848 66962 67622 28199 41516 96428 79788 54575 51504 48962 5828 9552 36058 85987 91877 95598 1266 78200
2754 18
47424 69218 64036 98693 65435 64840 63882 86571 52108 71756 81834 64367 35310 60594 51675 65303 70011 4700
4059 10
12229 36425 62569 23918 19054 95569 50230 88056 86716 3166
5707 18
88993 10591 45800 85162 73003 52522 1421 64178 76052 46879 77110 24447 94206 55450 29307 82908 49598 69918
1448 14
14370 45379 45990 97191 61385 52876 95566 46160 53233 89811 88725 92889 91418 88507
4138 19
45568 34073 17444 97831 57000 92204 6958 16048 37046 68663 45495 74424 59332 55497 41421 96595 67693 7028 57207
479 12
95650 77731 15780 98692 95716 90023 31568 13011 9176 15992 65438 4191
2415 15
80257 27490 83554 74055 17257 17962 45738 4557 94287 86608 42484 46548 95638 36089 53402
587 12
55872 56129 95174 5159 14665 89899 9451 79343 80208 53810 73207 43069
1004 11
87426 71234 2399 99535 71759 62479 77426 7509 40950 24346 19231
6441 16
88836 72742 89384 32392 69323 68267 9868 34475 48752 5683 2647 74361 25434 78139 85948 30909
1737 18
75169 28258 10209 7055 75184 75599 38352 35667 41108 18610 63090 74518 24216 1912 39513 11483 7610 96574
6338 18
28228 95615 85867 45550 14542 87196 99700 97460 87956 50679 60792 73241 3993 68607 90076 24605 12190 84191
5263 17
83457 805 64389 21385 34601 73291 41725 35600 63602 38744 32725 27573 36344 90365 15260 37405 78398
1283 17
78912 61184 50561 43971 29280 65797 38825 89194 30634 18667 34956 21454 96458 87663 18163 99157 9751
6636 15
95361 60066 47875 71874 997 97223 34089 54092 5454 75695 47982 42641 32592 1816 88953
6202 14
3489 81666 92835 18657 26051 35878 88430 69527 47571 70036 32439 37978 87037 73534
555 16
79265 26049 29340 37310 29929 22635 28172 83947 57518 52206 52560 81758 11256 67932 13054 35007
6979 19
41474 57859 15498 25493 8991 93347 18600 76206 41412 71246 32591 21211 3425 40294 89839 43631 30325 71799 22906
9566 0

8226 18
64000 97687 32452 39877 89734 42020 1636 32778 1389 80110 63151 55921 39729 23282 94548 91670 62583 67199
9053 16
5280 55265 71014 1638 87880 16455 60614 47051 89802 85879 76721 99762 22199 62941 5886 40703
5023 0

4592 16
128 67041 32609 94241 22756 11984 2737 50130 71248 22769 56565 62166 73461 66520 7033 99838
7511 14
76480 59683 75046 61640 86698 56141 71537 8434 77109 33910 16503 60278 7833 31358
2652 17
91425 65701 65446 9734 46407 65834 67212 81516 63502 76209 44178 48851 89908 31093 15734 63606 22805
8050 17
63265 78373 18693 3975 36105 37194 42059 88971 813 68239 39647 24179 63540 12728 70363 93694 50751
2394 19
94214 96142 29201 36757 34607 95029 63799 83514 40639 9796 12871 1998 47576 20575 73569 36193 6758 25967 43263
752 17
55619 30917 12133 81483 93744 18064 26416 70551 31700 16350 61302 43031 72792 39254 91548 28446 94303
7021 16
65056 71524 19902 69638 66024 39880 34954 84776 78444 86633 93967 71094 58903 15673 14586 8126
2144 12
7776 39234 36485 18220 65933 83373 59023 62673 40437 8888 37470 2623
2939 19
34818 43139 92297 44832 21792 49061 48044 94255 71221 58811 15294 11719 86735 38351 82135 20079 60020 45175 83578
2863 9
30562 11046 70638 51663 19056 855 72313 58684 99870
1800 12
81760 62440 97417 37546 88329 39404 51532 29997 31341 24025 62554 75484
5311 18
85283 71301 81510 82953 37385 47594 26765 73422 56186 41168 40337 88308 75001 31674 27 5980 52285 66267
4112 17
35584 20577 95395 8516 88453 46917 8967 67144 13957 30218 72854 65305 68058 49884 27645 572 7423
2737 18
3905 80130 9560 77444 78758 40330 46156 25708 87118 13839 33748 1780 78710 43703 31512 64827 35484 3325
1559 13
48838 51878 52328 44809 13735 21448 57844 83093 49428 32310 94008 90715 91615
5064 16
31266 84578 904 55912 58186 36767 45071 51920 23729 56560 76181 57941 65751 43448 1436 92927
7368 10
15296 18208 67270 14375 91433 56298 83691 10925 11093 40763
4439 18
54368 6785 39744 24579 11204 72389 65954 42593 99588 30114 40174 13903 91600 10386 75100 9881 75771 20796
7075 18
86304 91201 17920 27107 80133 37195 69741 71055 52111 66289 753 2387 92755 88983 29624 92121 99835 26973
4924 18
33792 6532 87012 44645 99110 13354 92541 66797 48782 66609 59889 44115 93078 56151 71417 66749 59614 21951
1356 19
13975 98328 66975 74656 49706 7850 15920 1718 57786 40507 89796 83283 74453 77787 52190 73445 61543 63860 70779
1348 16
90465 81953 41574 6111 13098 19371 53262 73329 27379 58518 10838 9142 55706 56091 39422 90943
8283 17
81890 93762 69572 21288 52552 34666 91275 778 75951 29584 84177 94482 77395 75797 96375 93624 13885
6997 16
98688 40161 15745 87233 19589 66150 78792 17992 89931 15852 72751 5905 87668 789 29304 28159
6213 17
63457 51875 58212 82724 40932 46054 72552 63817 94635 29136 13393 77424 9811 10865 82901 95472 29045
3546 10
92353 46114 46370 46983 76616 83879 29226 84271 55536 55898
3124 14
99456 79809 24803 31431 11593 57835 99244 4303 89360 42065 7441 1683 88888 45851
6772 13
68161 75938 88834 90050 23500 86445 62509 19919 24112 95671 95512 45113 46842
9918 10
47523 83949 61821 71772 49584 31825 14457 27484 79933 63551
1296 11
84642 19174 45191 95303 28937 26826 9005 88752 80466 88340 95991
399 11
86560 72616 55849 36203 59660 58319 44405 92949 83483 16700 5660
8795 17
75616 7588 35653 33606 47816 81608 72714 34827 19282 89427 20115 24629 51607 30617 31898 7515 36151
6313 12
43265 67578 93797 11942 31659 78987 82829 40845 71033 87162 55835 28797
2044 0

751 18
15713 41058 91075 59492 70627 18471 5449 74094 15151 15535 59538 275 65399 33695 51453 92605 29854 94239
6953 16
29728 13413 46501 71259 44169 52169 4460 6931 54548 40597 46259 84887 67642 66523 45821 2391
2942 14
6497 81564 25245 23015 5417 69898 19722 73004 86813 90045 54930 98932 39100 82493
5853 17
86337 7334 74376 46472 40237 71022 52055 98161 26098 78738 15189 95766 51319 35992 74745 45690 69503
115 10
15264 5443 60419 55235 76397 96238 99249 58775 50746 44635
2919 18
832 36953 22402 36354 35907 43173 54171 92778 45296 22673 2194 81202 86866 43217 37464 66105 41339 26334
9367 15
31744 32324 69960 36361 65640 94991 23025 43507 49908 49525 55924 19891 10106 82428 90301
7201 19
76802 5891 22662 33173 97303 75421 71207 95419 81726 38846 71365 46664 1870 7886 23777 98275 17893 54759 2668
2143 12
21511 79592 18889 28330 87144 67372 86761 98833 17145 34395 21501 15678
906 11
60103 75208 73612 87150 24241 2770 36627 11604 44052 51287 46263
8505 19
62215 64527 91543 80284 86182 99498 68405 53693 40259 35399 68816 44883 63958 82264 75626 51950 4848 10869 70781
8124 18
77569 17381 92010 24203 73964 96909 9262 16017 93906 42355 69653 91445 64953 43674 47515 60124 63901 74777
220 18
17440 69313 48577 19587 18369 15813 80199 53737 90127 51537 79410 92984 37332 27476 42679 16920 58268 33342
462 16
88288 96865 12322 45164 65678 31505 36722 76817 73681 29109 72407 11995 92412 82077 36094 84319
1427 11
87619 86916 56741 82504 98986 40047 16915 36020 7576 8827 75006
6783 13
16770 51427 48392 33737 82698 57165 44717 2324 16383 95095 67583 38845 79679
5219 15
11650 27426 50308 30980 86054 89641 94762 22188 2318 68110 15058 48243 65749 22397 90846
4589 17
63137 16290 13094 57543 25544 68905 15019 85547 42443 35659 60847 37167 96657 7474 21652 65364 69690
7104 18
14464 13281 72320 54403 80549 11303 87687 2984 50761 86511 6640 31313 92978 52594 61556 88759 71194 26014
6342 18
92418 55491 56610 17891 21926 14438 15146 66637 9810 69395 7859 72245 54197 78035 82294 92024 83420 32670
7841 19
73346 17413 18316 32406 29602 13603 92195 38953 91832 29245 72893 40280 48987 51679 53855 59880 34294 47100 24318
1201 20
99331 28933 26759 8585 8851 66837 34078 84256 33588 58677 93111 99899 16196 6471 33482 48464 63192 78818 91106 4850
5851 20
23556 17291 3982 35601 85653 30381 21555 99002 45502 50129 16980 21719 21720 3163 79965 12513 87530 95728 56563 8445
9316 15
78016 70147 19434 99852 47309 83085 5807 75727 47249 33100 42636 85069 37623 82906 23358
8285 13
93030 72167 45320 51240 80043 57228 13554 34260 96181 15191 21592 77979 3807
7308 16
40867 31752 75913 29482 54440 48460 10896 21713 67249 24479 56598 78871 38808 24598 11678 97823
6253 18
43682 56995 25956 98882 51490 77863 51496 10342 71436 83025 9713 98355 96307 43797 51545 34810 66108 1822
5912 16
58401 13665 55233 56772 15943 36075 96622 63121 4145 88435 35156 99381 14229 77245 17694 7871
9985 19
46976 43277 57997 35989 31641 4521 86708 44342 27065 81469 81477 18118 13262 95315 352 5474 71651 94829 39791
7193 18
57697 53826 21857 81187 39397 87526 82055 71752 69289 92266 59466 28134 88975 84847 59092 85721 45085 69087
7175 12
96386 28230 39305 17709 28784 14897 4082 23413 68888 55577 66907 75263
2097 16
56512 84576 99396 72902 71974 70408 55915 30639 95184 19472 36914 35119 59220 58614 13950 4479
3245 13
17762 92454 13640 53768 59501 25424 16529 23154 34803 12848 38197 16918 44312
9218 11
71906 68963 23172 50339 41448 24201 89612 8590 70639 27311 35538
7630 15
92006 58172 60555 37838 70287 7311 64382 79061 86198 47513 20506 82939 23548 2334 1471
4637 19
58115 72198 59528 28299 89102 96659 20123 26142 95262 67409 78679 36055 54237 16353 46712 63609 50684 89342 48895
1351 11
36129 28930 19843 59813 21165 91501 31055 47154 89302 36187 2942
8109 12
23360 75268 59017 34450 52339 31540 36052 66840 42969 10811 42782 5407
5569 12
62797 17805 42224 64850 3796 1429 34230 49204 59384 9565 83966 84254
2541 18
79040 43459 19302 12038 41831 73929 98796 29965 5197 57554 96147 25662 14967 23352 54239 12444 32094 59039
1342 12
63941 57895 56297 88043 74766 19315 86196 34616 67961 6330 14075 46270
1229 14
79616 8896 79141 89893 11142 60936 69387 52749 63469 42863 90096 50904 11794 76472
9610 15
8256 81281 10310 61799 26024 72458 73708 82028 94445 15889 99410 46899 51124 59639 7226
7956 16
23650 86621 99270 59305 19498 11082 8361 34990 83790 25103 39793 89710 76310 43098 2365 91358
7731 18
72130 54980 74564 89097 71930 6507 53230 36559 52336 3217 19993 63158 30295 31608 4279 70586 32855 22107
1789 12
13792 84132 88868 39740 20616 77289 20399 69302 30775 97752 77689 79708
92 10
20672 73669 33545 57354 9131 37274 87154 42710 76538 23932
9100 15
14179 58793 79050 53450 67500 11852 26345 24333 1905 6610 41747 72373 40503 28665 48829
6760 18
85057 65570 55649 77028 55458 1126 39307 84077 62767 76560 10514 44692 52244 92406 950 98616 18940 58782
4277 16
21120 76576 87780 59812 99806 41002 93834 43436 88908 76239 1840 43504 15890 34590 46843 50526
2312 16
49408 57537 13730 98469 81542 85350 71048 68329 36522 59775 96364 91794 28085 94581 52696 13823
9097 16
68480 3683 16676 9544 69480 66826 3785 70185 19818 9902 96626 95707 98423 85560 94747 79677
8981 10
89217 15079 52999 92873 73258 11981 68881 53912 87611 36381
4717 18
86264 49956 65413 12998 81351 51880 56201 2654 61195 26828 43891 67252 29078 79767 36568 68665 61563 28190
9948 13
44866 15301 90758 60007 4624 83858 24599 55894 10231 7578 78907 23869 74943
9027 13
672 87363 16771 7881 7339 80014 65839 65327 57018 58873 32154 66363 33279
7786 18
53760 1248 41312 79747 95619 25158 17896 49193 35502 30416 15505 54098 76788 28405 39415 98713 58615 38905
1195 13
34 79555 60713 61163 81708 16525 58034 9331 14934 65784 99673 67451 12925
6129 9
43174 21030 85677 14224 60913 10774 76567 95606 18743
7839 19
25222 13704 74508 53652 4628 67734 99997 99122 24635 26812 33866 66130 25682 94038 56161 16484 80364 60653 33645
7078 18
18627 51012 33797 64421 6535 94088 13571 61642 2187 65959 64525 29359 83541 73397 37913 43578 74044 26141
3548 0

6976 19
69510 56081 74902 92699 89120 26150 92586 80822 81336 97336 34239 32712 66507 64849 11231 89056 97119 33516 2163
2426 16
51424 29891 79815 57164 80268 32695 62386 36818 47956 20121 26876 15831 6297 46011 41980 83455
6115 19
68866 63877 1292 63246 31377 28690 8724 20120 77082 25374 37543 7852 87223 30659 15175 74708 83165 46716 61183
917 10
29121 38274 97211 33126 85545 3449 44084 60729 99771 59516
3854 18
34562 2245 6534 36681 23466 23882 84046 28622 94929 20817 80787 76913 92790 32246 55034 69562 27739 28893
2469 9
67973 27590 9735 44522 60170 1645 87022 57522 87765
561 17
97761 74585 53763 85188 62468 8806 72772 97800 51720 58923 25871 81332 95256 99897 51002 8987 96955
7010 13
76992 50049 33506 84419 36326 32844 88013 3374 73618 76342 9494 7866 6527
3993 15
43520 56292 63237 57768 80554 47019 21837 89549 22861 60365 50285 90129 58199 4313 92861
2901 19
12040 16397 13741 94766 21422 6452 58807 55482 88634 32970 55760 34002 71126 67673 25691 20707 19814 32616 85111
29 18
68449 12708 97733 77350 66311 50056 80009 23600 69361 77682 33042 80532 68691 93750 33336 55674 99675 69534
8409 16
16772 30021 65606 69191 10599 38887 70955 38604 36205 56398 86197 64630 98392 82810 59291 19868
3631 12
40965 34949 90539 67343 64207 59251 30548 12851 22869 66266 11774 86143
1668 19
97548 9362 80410 77215 71723 21420 44718 88494 40392 46296 24030 45921 55783 54122 36335 67446 58743 17657 77181
5857 0

4386 0

3612 10
12164 22854 60652 94125 25134 26970 74097 75570 16598 15834
3216 10
81216 14944 74598 74588 72361 79179 20333 66583 21563 9436
1476 17
71712 36162 97603 57158 81097 67690 86219 1961 47921 67602 72019 97715 62389 80283 19419 75901 96318
7285 12
89313 69891 24772 65547 83724 5389 11089 40018 26738 81492 63576 73564
8449 13
63841 8130 20646 1067 88496 80146 45138 28274 150 6551 79160 18333 14558
8260 13
2337 8391 63560 35133 59725 47005 83122 75316 81941 92119 43255 87805 3518
1109 10
74628 29735 70282 14698 25962 83089 61713 65141 38329 78813
973 14
91042 67173 60779 64268 92156 18062 94639 50798 6862 56535 92793 46139 34780 83999
9294 19
72711 37909 89243 87581 68640 57516 23597 97076 48181 54341 16973 57295 96726 42080 7009 37479 747 33522 42870
7038 15
80352 19777 87874 70019 11272 34793 16268 45102 74706 43484 99644 22970 64379 3068 61179
414 19
134 67594 3857 13209 78367 57632 4391 61099 30257 43849 12491 75477 55000 58203 47195 35170 11876 82540 72431
2110 13
1347 91268 24868 33033 61289 89707 39568 21009 86964 51188 26358 76856 34012
5555 0

4330 11
87042 71274 96715 97836 96206 6287 72368 52496 60050 2290 80442
3277 18
32672 67204 30216 96648 23432 60395 18635 94314 18984 68496 4816 19826 39314 13431 29145 15674 39191 39549
2904 10
19713 91335 42921 55723 94923 43181 27446 54135 60058 31835
7407 0

1967 13
92869 73638 40905 86026 58156 43534 33135 8369 40595 5236 44470 43927 26335
2868 16
77889 13959 97707 50956 93229 62894 64559 58064 28241 97267 68021 13782 82584 26426 16062 74618
6588 20
37636 50826 47631 82960 88210 36766 98341 49067 7618 1988 19537 48982 75995 60125 66794 38766 2159 42352 75758 50809
3991 19
76039 84748 59533 63001 74394 49440 53412 90156 60091 965 14661 20429 89303 14943 18276 46311 13418 19820 47613
2017 0

5532 16
70554 20449 75618 84803 77124 99553 8841 81458 4594 36759 9624 76154 64219 56444 45150 58431
5360 18
20416 73095 33065 31018 91915 43051 76585 82605 56937 59857 66546 18325 20246 22487 56856 1845 55642 69020
5107 9
71935 99782 42282 26124 25261 16207 90546 89436 74495
3944 10
39648 72868 31687 71849 20268 21773 64848 45395 340 31866
7179 17
59713 45570 58721 37668 47013 95940 68807 53577 46987 41291 35544 22705 2258 41750 22200 36250 38619
6960 14
50433 19748 14405 69862 6247 67911 99689 36781 61486 71899 72698 54459 82588 10844
4535 18
28322 77091 25667 30949 17603 23752 96236 60973 4879 69520 57008 28816 81877 58582 59703 36600 66425 7516
3525 18
5122 33222 54655 26248 80204 72796 9648 22992 60690 28338 11729 53202 89782 99793 97816 90138 88124 39839
3148 14
20102 32967 23400 41864 48541 87563 95340 36813 23660 21022 69943 71769 63389 87166
1432 15
84417 71266 4996 67751 39239 44014 35888 1554 43667 63003 92158 696 26297 74840 39998
81 11
50496 84897 44840 31915 50891 10508 13133 40496 83633 46586 36541
5789 17
16737 97026 54566 78124 87405 30447 62416 15119 31614 69491 50132 13429 34964 5401 61402 347 89758
5687 15
40386 11163 82885 12006 24711 99532 77519 93903 56915 71188 20019 26971 1309 80350 16767
3981 14
21890 11556 29157 4900 29189 34633 53195 51948 47001 28564 24824 15513 16378 8408
2339 17
69216 63521 82212 13989 73062 95783 676 93801 48621 98479 86162 65811 88562 16402 31604 84827 55998
350 11
2565 43238 34408 28363 8204 77936 16689 39345 4757 10810 55647
7293 15
49312 12574 70986 14667 14763 39981 36429 78972 44087 3704 13465 73884 49885 57054 51647
6229 10
10817 61540 24198 28422 8106 76302 17584 75827 81657 14751
5065 19
40458 75917 63892 3096 32542 28703 20130 62380 99758 71471 311 28614 71880 69453 77520 89812 6870 99038 9950
5002 0

4284 18
55489 37144 79590 91306 72299 33387 79501 4492 40266 74488 99442 39219 95026 76024 20698 84059 94524 23103
3483 0

9486 17
25217 88324 85828 77993 88042 96171 144 81616 3667 29781 42294 47863 50136 1142 29916 13021 25214
7582 19
62470 33158 47879 74381 1809 37525 84906 91952 29878 48702 69696 57028 20934 82778 21340 16226 47593 77684 88057
5345 19
24450 11138 31374 89116 72349 90912 30131 62392 36536 97852 13629 94530 32964 95436 98257 17624 860 56301 15602
1642 12
28992 44640 33251 3529 39035 90029 80174 40340 60376 32091 27676 60189
7555 11
80645 98853 93960 59433 33388 34991 31057 62262 49271 9913 28735
7360 9
11512 99682 93449 48561 42389 50678 26904 23450 33085
6915 11
94434 71522 36036 29988 74797 85197 85422 65488 39955 42644 5398
6698 20
57357 70031 49808 16542 93865 89391 90165 48694 14519 78901 76220 61763 20552 52944 48976 78305 29418 78708 48503 78589
4709 15
5092 2950 21958 48454 99015 95146 47659 56521 99818 83375 22896 32335 2618 17018 23260
9423 13
12736 22882 36838 45286 73513 29518 90895 54992 23440 87100 36085 49658 5340
2504 15
449 33155 24035 53082 95592 22770 86931 370 67989 48916 7223 34013 56410 83227 70525
5390 0

3730 9
54628 68549 40837 71144 87049 77932 86078 53438 12766
8056 13
87430 31110 17128 3561 45770 24457 19817 28167 35890 63827 34361 96476 75487
5810 13
63360 78145 21603 74884 92677 74309 28584 81225 51085 61998 86804 7993 78493
3967 14
65345 16002 5029 98150 82439 89256 45867 81836 37839 9551 37267 78743 78523 3934
2977 12
12353 51874 22277 55942 3911 59016 93384 1255 2309 5806 17198 26975
2943 19
56722 14627 34734 11954 4916 10040 61497 42824 56395 68429 48077 19155 38998 35038 90985 89074 8051 36728 68857
2075 18
18433 99139 70852 68423 1448 39879 39111 18122 24782 86288 49072 41424 38228 92693 69430 84055 50393 4859
9647 19
20992 47109 93830 36874 25354 3723 15121 77077 25514 29392 69201 36307 46419 95318 35547 24037 14951 6639 22523
7438 20
35463 76815 43162 86426 68645 59314 74677 7093 50115 60101 92491 85581 29776 39760 51686 82920 1137 42865 89848 50938
7344 17
66432 26817 22816 77088 10626 91488 77416 8712 12714 36586 81481 3380 48724 61206 65945 46076 90169
6054 9
61539 63110 58795 69265 4114 52082 15284 19734 4824
4893 12
96674 28005 4774 77511 75560 93129 37160 30989 45773 56984 30105 29853
4556 17
36222 33926 37414 57800 43049 45034 15115 972 54089 91644 76785 74165 64985 87866 64604 32157 40510
3202 12
33477 22439 91975 40329 62991 85328 14449 53811 34677 77943 40153 78302
1659 0

141 9
21027 52135 27534 42032 84401 33554 1616 11061 61373
4563 15
77888 77153 50753 72835 13028 57610 9803 89260 4685 23443 33076 98262 34839 60440 90525
2252 18
68416 48674 98116 43402 20491 28909 75086 14864 94128 61904 66032 54837 12246 45591 45813 5275 37181 98399
9061 9
14719 40717 97493 34454 36314 47228 6237 97758 6623
8677 19
65537 61954 57476 5765 84362 75934 11813 98603 36527 55736 70719 95939 27075 86212 69066 63444 54100 87787 59762
820 0

8628 14
72673 58598 92518 10086 19720 47784 63623 15373 25297 44180 70325 90841 31738 78777
7494 12
36353 70468 85508 79302 10663 41288 10857 51017 623 4463 90878 76735
6386 10
49757 17594 67054 9874 71764 11094 59511 22813 2109 19711
3246 16
65952 89760 65762 56250 87941 92785 78963 16692 57524 17430 47320 85337 60922 76156 29981 64095
6235 0

5635 17
21248 37473 61221 85062 25642 50090 23086 32143 71504 43377 60210 13394 57236 76916 86870 72732 54205
4704 11
26048 53376 45187 14343 96939 88817 79826 66137 46492 11965 47679
9460 13
22338 2404 27752 72555 87693 87181 19632 60724 94677 66906 10043 3868 43007
7914 14
59744 57089 66882 46977 44292 97637 16138 96940 49133 81934 74671 1456 74167 21151
5604 20
26512 74267 3229 88745 98615 75707 63423 89538 63689 60539 19539 83291 21085 83808 95456 98019 42354 9206 9978 26363
3720 15
19264 85826 31747 47043 63846 60814 32015 35343 84943 94835 39381 46806 73304 41114 11291
3091 13
29249 90370 30466 86977 37800 11278 33875 50612 64373 57247 78266 33403 8607
2994 16
18592 50273 43842 1889 89280 28101 10665 92299 61227 42543 95636 48952 63097 30713 8702 79064
6025 16
83520 15234 60996 57798 32999 22120 6027 69963 55115 10318 7756 73040 30227 95640 79770 22909
5510 14
67104 66083 69642 63147 80974 45455 49426 61620 23029 64469 35068 15448 77436 78494
2548 18
33891 79523 32195 27691 57484 13294 75343 86674 4499 74100 52917 32726 86711 45656 28728 47803 84796 94111
61 14
26401 22628 26630 99911 91850 91434 30734 270 10448 81777 74641 83635 38128 4280
4506 14
93152 32001 63107 88297 68459 98349 46480 7121 9268 38358 69560 5368 39993 48250
3868 16
88866 15235 14853 77797 36551 35657 20585 48204 79373 78867 93556 71860 8246 15483 38492 45565
3025 15
89152 25569 12837 75910 78860 13068 62511 16177 10714 14804 78581 23992 33754 795 2813
2137 19
26245 75016 64790 24477 88626 46404 23621 56775 70737 44632 4572 37854 93795 70379 23019 14704 75376 56949 36726
7937 18
81827 12068 97092 48614 12807 3015 48712 4329 74379 34861 32944 79984 78805 13847 50105 92731 7517 62239
6916 12
11809 99970 69602 41285 52775 28824 1234 50484 30454 70456 73880 72127
3794 9
59590 90603 2033 77809 73939 9590 61049 64506 67482
2651 17
87520 33345 98402 90615 87639 66504 7277 303 84919 34930 69343 40436 6709 51735 35995 15485 89695
6977 17
16614 99975 75975 32393 71114 70124 17293 34286 66128 70449 97203 26326 32183 1942 48057 99006 50143
3742 19
57230 43408 98741 39609 10046 90056 24138 19787 12235 45008 38617 40542 53473 34927 70768 27890 38515 93305 22010
7645 15
11713 5565 54916 98631 80297 16202 51951 28757 33181 10327 49720 74489 7549 38206 91775
4645 12
95329 63969 87740 35526 81895 29448 23371 98861 43472 4785 8274 14428
4631 19
66446 74390 80023 80045 52408 49982 43970 56132 6866 98260 80217 12505 15196 63708 85608 9577 489 49649 40434
3876 16
80512 35264 61376 60734 39365 8714 61517 41615 32338 30773 83254 74294 82329 39322 68830 96222
1617 14
70432 19774 29606 26184 3912 29324 59984 91056 77589 28758 90550 91605 2333 47934
1307 17
75297 77218 72959 76167 23465 30185 54991 60016 48817 46815 37105 24787 86902 52535 1529 33850 82495
9847 0

6215 18
45216 24129 94148 49415 4744 16553 14576 67089 29973 4949 94517 56408 17113 52762 96662 2140 23386 11421
3342 11
9122 4931 84123 52081 96178 39507 72979 49654 9498 65979 44990
2590 18
81087 45635 34053 54953 24522 58315 70859 45069 48875 42927 97615 66541 5742 59603 90452 37688 83513 78111
9833 11
42595 4580 13060 33929 63306 69354 74124 74638 14706 29207 60218
8518 10
97315 36836 11461 22438 41806 56852 92374 38231 85977 1534
8390 20
90497 1030 48266 65036 18962 32568 27709 42303 44742 52167 49743 87760 70232 9561 93150 60519 56049 90866 83316 17788
7833 19
55296 28929 17284 76171 82706 13335 48921 96292 75439 951 6455 15040 27970 65603 81100 80729 25955 77924 28263
5551 20
53504 12935 16393 25876 46752 42531 2612 35382 40140 29773 49872 61909 69726 2528 2017 30948 96884 42489 99068 82686
5097 15
95489 60295 79915 20396 77137 96530 44628 61972 1141 71511 22486 68596 78906 93115 99934
4614 13
11040 90052 80231 89416 96201 6797 76366 38614 59414 4248 92694 32798 44479
794 10
81411 9991 19564 74291 64596 94453 19740 26937 14396 19230
156 11
54977 1251 46885 47307 42859 15885 65197 36043 73296 20438 13469
9489 14
1669 30649 19784 4490 56940 69838 91694 88497 92402 38547 18137 45883 29598 45503
7995 15
30852 78404 25285 76518 19974 5768 64041 55364 72285 95027 96627 7514 74621 28990 47295
2440 0

9540 10
15073 76067 64100 40796 22506 34381 69550 15348 3354 99580
8314 12
15104 8642 56962 26183 68776 3608 41770 63791 41045 49592 13404 2974
2276 0

2250 14
52198 19243 68845 84817 70257 3737 95542 87671 38008 3417 46943 14779 54812 10297
9095 14
92928 3621 14246 17192 18313 20395 72812 49484 37934 75822 86290 93109 86613 12473
6416 18
47968 95684 20964 52550 56390 81253 10699 99308 16620 10158 66830 74318 5425 57172 15413 90005 92349 45119
2457 9
58821 77001 24780 8334 73007 91283 23508 55480 36987
7259 15
14752 44513 40291 28997 70983 32807 65832 25195 28395 40686 72463 28376 5724 76989 76191
6185 18
4259 39140 92901 81670 80553 75533 1550 50605 49168 10957 13777 43886 85140 88182 64503 26521 94908 53631
4979 14
55331 17766 9990 82888 52458 69293 98510 34099 52596 37300 18678 5945 68539 57151
3707 16
77984 32128 69122 73730 15299 38976 59239 36584 26731 57803 20909 816 10101 22587 766 94335
3318 13
86023 45513 22250 58059 43084 94732 61006 80271 76786 32281 15194 69979 1598
2848 14
65442 33192 74347 83820 77165 69102 58578 28308 98293 43702 28054 31963 94845 50366
180 19
53633 56086 97815 57753 3243 87213 84541 35394 98128 54866 72660 65750 71005 862 75870 79716 31588 52970 20863
9108 14
97664 2947 87785 45545 3767 67184 69876 85237 21047 5784 44442 14044 10878 42463
7124 17
66112 72194 54052 78852 15911 11559 47497 15534 63152 50099 80820 76659 33815 84791 84187 95164 43774
6779 17
23458 17379 47364 24773 47812 26920 32041 81514 55496 2282 64426 97360 28854 96152 80698 41851 42236
5397 16
25888 77282 5699 53189 54150 15078 3816 73351 46379 94475 53613 27789 53554 98963 71639 78555
4892 14
84002 67747 23298 91660 27342 62575 99600 41906 42322 53588 92278 11386 50779 67902
1154 19
82830 87964 13341 4517 68390 93107 44725 10939 89411 78403 94666 36558 21593 33886 33249 45281 38244 76263 22384
4252 18
41155 62340 51077 73224 28200 19213 86957 6511 73169 87121 26067 92372 34069 48475 72729 69466 73659 58654
2819 14
37410 73219 84131 70051 11173 84230 30728 43177 37738 43189 94870 3543 53398 66875
2567 15
8448 72801 30691 71812 20741 48742 96810 96368 47761 18612 63381 17752 36475 72348 15997
2830 19
2816 11521 65030 66058 22923 69904 52506 27169 93477 85802 24754 73779 62515 50999 17347 81508 2023 3571 43765
2497 15
33888 81091 90565 66535 86828 65230 89009 41298 10644 2357 17597 95546 11387 30941 80191
458 15
50016 16259 28423 43977 56783 62355 45076 52949 48823 80536 31129 97306 11323 15900 30142
9564 16
92259 69604 65091 94564 3879 56167 89514 36491 87438 4400 77329 38194 47827 70424 39193 32607
7445 10
84320 15716 34472 15917 80365 80625 85554 54006 19351 33977
7120 13
98211 58277 86758 19466 92811 84236 32987 78578 46518 81466 49243 55580 52987
6006 12
86144 82593 84040 24682 80012 44847 60527 22513 91153 70357 47446 1566
4813 19
61968 4381 40613 80938 94508 92336 4925 80961 56513 46409 1619 81110 44893 33887 53605 70504 33141 48889 79227
3837 17
25504 9470 1730 48163 81538 77605 76390 77213 64520 91342 27601 52789 98230 64117 89564 62685 22974
3726 12
32226 98339 64035 19778 84645 4363 28561 64529 25619 36631 85115 60925
1397 18
56640 11232 18788 45733 50055 66665 83582 1422 13136 36689 95221 62582 92248 17529 80506 14265 29597 73566
9686 17
65441 67202 98885 92969 12234 1739 3052 29417 19857 18898 67539 65300 89718 91702 4984 58585 66874
8931 18
51296 95780 99045 46470 85129 68618 56908 9389 48430 44975 30542 5681 19568 14270 79669 14462 73278 64479
7294 17
74403 1412 64804 9222 23108 87816 10973 12787 83796 14773 83381 55349 14520 21556 24763 79261 92094
7243 0

6152 14
3713 71362 16806 5991 23049 71306 94538 6315 75597 33034 14160 24180 28053 6747
4618 15
44069 73190 99623 56330 62124 49356 12430 95468 97876 39285 63734 78103 18713 5242 86718
3550 14
60417 62814 30761 74796 25997 36462 59389 67059 9428 77749 61815 44797 48062 38174
1679 14
90049 72933 91367 77193 6282 57066 20174 51344 28976 96725 25432 68538 19995 89694
9291 19
67203 31620 49163 61965 66701 55315 6043 43178 18872 28222 18754 70367 98661 28135 77294 21108 90997 85620 26874
9203 12
83264 87616 67814 24592 27088 81842 71731 8113 91060 8470 6905 38458
8648 15
41666 5890 92903 25704 61228 5663 22446 80463 31855 81295 55376 85459 33752 40446 15391
6603 14
72164 97381 14793 33322 29803 4878 33966 91856 78897 32980 63190 59514 52475 55519
4847 12
2851 86820 28196 39814 85766 81475 18218 16173 78893 49101 15764 43770
4626 16
43299 31619 55430 5799 47208 40041 5871 59185 61425 93171 47575 27547 72668 76669 41373 12639
3586 13
43105 66498 15365 44102 86665 57227 40780 5869 74127 69328 69041 71835 7837
2608 19
36745 49034 99212 11918 86940 36770 80164 17701 54180 46504 79658 94767 70583 56123 34119 54742 37863 54120 63594
2510 11
51299 39652 19813 68356 94567 70989 90510 58544 20151 88952 58393
9751 17
81153 92385 36902 6374 94983 67431 68269 86798 30671 16176 68977 15698 78043 77396 97787 40731 12414
4457 14
52833 72866 72070 29127 89928 43625 10762 74825 13166 90672 89588 39188 87383 29944
2595 20
20237 21527 58789 56102 85163 47277 89403 99774 74434 6211 43589 32210 53077 14294 4574 37988 7402 65394 24051 68600
2200 11
15714 57766 46567 48075 20587 65165 71186 98647 99833 85916 88829
1970 11
60864 71777 22341 13325 30317 60718 92429 17137 49785 80411 35806
8989 19
36103 81799 4882 51990 43675 7459 36422 67915 6476 90827 82394 79068 50402 9571 38628 77555 88693 85112 71547
4496 12
2210 92646 94856 51627 65932 53580 15628 93963 95947 86869 54582 61278
72 19
52737 4102 91784 60433 4881 63639 86298 11162 54942 17698 12452 78903 91093 59615 89314 16099 38635 46450 48253
7493 17
79072 7072 85796 26660 78279 90439 90060 83598 48977 85267 52915 87541 2100 99864 50461 93534 63839
5805 12
10948 17515 26733 750 42416 42579 89107 11382 38167 60441 17082 44922
3719 16
80832 23489 89283 47367 74216 37449 98025 38987 81004 97039 7953 41713 26483 90708 34807 94938
1777 0

8582 14
31680 78272 56004 26310 36362 36499 95124 73331 60342 49047 83989 41460 90971 91550
6957 14
94880 4446 32686 23121 69907 35443 16211 51669 93239 8280 72670 89883 41944 97950
4319 0

4037 0

868 19
48775 26508 52243 98580 17941 47902 55200 38056 4267 42156 4022 71352 20414 50252 24532 89428 50525 44131 19436
526 13
69570 87714 54307 2504 62761 29292 98157 67485 9200 33586 1491 33981 16735
7096 11
74848 14081 56709 11788 51471 59961 70558 98137 21657 37822 7263
5966 15
83074 54755 19845 87237 84774 49097 13419 32717 71086 27856 24337 31161 52220 68638 37855
5091 16
28866 21570 69124 25414 57384 8330 12683 10382 44496 39856 89906 28304 38037 31388 88734 79615
1478 18
70272 94114 88154 21990 29736 94760 44076 99281 40915 59763 3165 11030 95287 81910 31959 16091 56764 16541
8792 8
70023 38764 6357 22102 54232 20600 89532 70303
5589 13
59009 32515 59911 30920 16716 7436 18607 41680 99825 93461 63705 68026 8447
2786 0

733 18
13284 49094 65928 55817 80266 79180 5837 27665 92724 10133 86454 95415 66261 83833 67770 92955 39705 76251
693 14
39490 30884 77061 70660 52967 84908 24973 66704 79029 66038 18233 38587 98204 32671
9239 16
6754 65093 56230 34855 55016 97260 73807 93009 24764 78515 75646 25718 12123 6812 86429 52478
8177 19
27778 41349 18057 45970 87722 12332 72882 12082 30779 47292 86465 61129 68303 15824 37076 34772 42461 19949 62193
6900 13
26881 31425 33507 84837 40778 70957 17678 49873 30226 65779 95188 61143 56122
5117 16
6466 47619 8709 18535 81352 57577 24745 96074 3822 99375 84432 99343 23603 94198 4056 12315
4395 0

3852 16
77060 48069 83839 40172 77869 74830 30191 9965 72242 53683 15380 60599 78232 58777 187 38591
205 0

7801 13
34242 64579 8998 92511 9805 46320 74929 64401 53143 52343 42360 67131 66911
7658 0

4803 13
88996 42472 38697 82890 4008 10540 25838 64724 93237 88501 81947 54173 31486
2890 0

2161 0

1973 14
68673 27527 94537 28074 96683 37676 50348 5102 94800 24433 28670 55929 14394 65534
1331 14
82656 12924 86946 59974 53581 38127 31281 69820 59676 25333 81015 3541 69818 72124
6517 0

6493 10
75107 82563 92547 80393 24233 56683 95151 88148 17080 18975
3919 11
1184 69802 94347 15819 4461 90734 40245 89941 56056 21917 66590
2928 15
84448 83392 47749 18109 57257 77931 63149 67282 82132 16309 31414 15036 12157 97630 16159
8839 0

8178 0

6387 12
96352 96160 47331 16104 78762 15951 65040 36080 98934 29687 24505 85082
6079 14
76709 49798 61223 77000 22024 26665 15659 81771 97034 49 80276 16853 10997 51612
5565 19
5639 3209 77462 70688 39586 48934 72878 68023 66873 56005 70730 79310 64592 91866 4315 29798 51182 95217 14332
5357 15
28226 15395 86499 41159 86311 41964 30926 29070 61616 2897 23666 49688 69433 14299 61566
4380 17
82752 61185 21474 20263 5229 66833 44273 42963 93492 20565 52213 18963 46072 45042 11324 38621 43103
4194 12
23520 53815 13128 16943 7184 56177 73906 54420 21300 66263 19288 40861
3552 16
15879 43720 12167 42 31819 68779 58989 46670 85967 89918 39157 53591 64890 69434 77022 4127
165 0

9508 17
67267 11493 92230 40741 7592 97289 5450 24235 78213 14879 76912 75059 97151 98168 85016 12510 85823
9096 12
85824 38478 41134 37455 95825 22767 37806 56082 91376 35543 30748 83646
8098 11
6241 48510 20487 35499 98316 7982 52912 32178 83543 86941 45918
7575 16
81317 57733 31529 79454 11851 67566 60496 43121 56723 66420 43509 53525 14517 96630 80057 99998
6893 15
95392 4230 6665 22537 69038 25011 22644 75829 47187 84211 80312 86137 95732 80059 96605
5426 16
68419 51907 5925 72585 48107 72459 8856 19950 89167 80783 28081 80817 45328 75702 94840 55517
4278 14
95136 25988 84134 4872 89993 60842 25418 71948 67135 71572 1017 20348 86558 54399
3764 18
84960 4642 33508 6181 56429 69806 69583 86064 85103 6290 89748 60695 76664 51167 26712 75741 95518 71135
1515 14
82275 42788 3235 61927 64359 86824 25660 81455 35100 77174 54137 17660 36317 74559
9081 15
86117 31591 51304 1161 8893 37630 56624 93266 82682 3001 27930 34619 36605 55774 71966
7967 0

5561 18
89336 56036 83556 46088 88233 66602 95691 22956 62957 77839 45745 78902 16694 60024 19769 63862 22333 86943
1985 0

667 9
65505 85898 49708 4430 37390 76211 84084 6328 28636
88 17
92257 15842 13921 16004 9925 64710 87879 16584 95943 83687 8235 96717 83567 85299 30039 42841 71517
9733 15
58337 52738 77857 39173 38374 46377 55530 90923 4715 25678 58005 55543 14939 16989 73503
9080 0

7737 14
95552 76706 99172 73796 91654 77702 83212 13038 62385 14995 32276 46327 12538 17918
490 12
44257 737 5411 30696 97000 104 60348 24207 53040 39605 10519 88188
242 17
17280 98978 70018 10820 43269 86949 45438 20744 395 23468 48235 89742 19002 36153 78106 189 10942
8912 18
61440 74752 24608 76800 31202 53735 57032 5735 67082 51469 23631 48048 33840 37555 36219 11771 51355 69852
8095 15
92161 13218 55875 90214 80424 90909 47435 73611 59218 66163 6228 28981 56953 17722 16669
5184 9
50275 64904 84137 81290 52462 20590 49202 86390 16570
5172 18
71104 5955 32583 52269 17102 8430 24432 57587 78612 52564 6742 67828 863 40985 51447 57499 22553 45727
1596 0

787 15
28770 58404 28454 22951 56648 65673 93804 26830 44816 18196 68117 14260 87547 28862 39007
9160 9
31683 3972 73769 4618 96777 97387 8302 32719 86929
7729 18
25440 16001 72099 86053 4197 24647 74182 31033 28235 54159 43920 31058 80885 15638 15641 89627 6685 5343
3907 10
33825 14146 39237 58981 34950 99279 27219 92245 42943 45631
2998 15
95424 31009 41318 26729 14986 54540 88364 59790 12141 26160 31381 42006 71448 16572 13822
1978 12
76064 25345 37793 46371 65957 14277 39689 92074 26571 98923 98454 38207
1133 18
80544 67618 23940 23045 89093 6023 28103 41188 20708 87020 20269 21741 24559 35861 84375 41625 4635 48670
9548 12
49282 76966 2920 79741 5328 12593 50610 90100 33079 87321 42365 65341
9265 9
48707 58858 68331 82736 67953 33298 53397 24823 91487
5931 0

5818 17
98400 1281 59170 51908 10087 66216 91785 72617 84011 14283 32589 35342 34960 70993 6644 40475 55359
4038 13
8676 95365 46822 55901 42184 28298 81515 75852 46611 42005 49080 53368 52765
322 0

3737 15
34756 59688 84845 59149 85327 21407 21489 47737 12565 43158 88312 12217 43515 49181 68991
3597 16
30212 43268 10118 95110 73670 76133 59146 37962 90342 44464 15572 11413 55285 84345 26650 12667
9629 0

9315 10
6 32713 13578 66798 45363 915 2485 85557 96890 57019
7424 16
40705 31399 32507 35913 68365 79582 32975 99761 21074 80275 58581 93336 37115 66877 96478 99679
7143 13
90787 20580 82181 61091 4712 34953 45165 81037 71568 46194 55892 33208 35678
5890 0

5202 17
97824 58369 60356 31782 21096 19273 18250 86155 84619 34541 58381 70761 15311 84690 62898 87187 65496
3267 16
6432 34595 74437 74502 31974 30344 61801 16456 19951 32751 91120 37906 31347 54747 21116 39327
1488 12
24347 1762 80258 22695 5672 97224 94462 32887 37975 39288 14619 94939
1029 10
64097 7468 25966 79024 19794 90196 2582 52505 15258 55391
7624 11
48802 74820 67049 36908 49741 6321 27731 660 40917 45974 90492
7217 15
29793 63234 73827 10306 30053 43719 39816 90888 6572 52813 60144 81395 26071 50363 96348
6468 20
33024 93445 12308 39842 29476 60710 5418 2730 52653 45359 43956 15038 84678 68680 3664 70998 6743 85490 38772 81275
4154 12
3619 63752 26091 50924 32941 89968 66068 2105 35994 59035 51548 1117
4084 12
80992 63578 28011 684 37389 7800 22613 43610 41848 68634 47224 28414
3877 13
73025 99715 99109 10917 78695 71269 63049 93138 56436 51413 49300 15317 96445
2973 17
34945 69762 98433 12163 14497 27393 33642 75883 48717 78862 61101 37616 18578 25017 14362 33853 34494
2783 16
50528 85089 56288 42792 95945 52842 7560 23568 71281 76368 59093 93047 441 14714 38236 17055
1504 19
36228 6788 33029 27272 81801 89495 53279 10783 95023 48312 87612 12996 55493 25159 73289 5201 60114 76629 39026
381 16
2754 17315 13349 83622 7 97925 41769 78218 8747 26995 86835 23543 40665 75098 64923 3837
370 16
94177 46210 68900 48966 21353 32555 32684 29325 18799 12080 72080 99380 63098 60985 66522 96575
7512 0

6485 16
99457 26082 11652 97158 81129 95339 67371 86061 85135 21521 32274 11795 67793 49367 11608 76283
2881 11
25536 96993 76033 13893 80716 92110 5967 20498 90360 43130 17468
1420 18
76512 88102 89894 11526 26410 80524 18028 24206 84686 39276 24401 28783 72371 82035 74425 46426 27803 1597
1137 15
15617 73122 23843 38498 75813 49964 94733 49198 89486 52467 181 41013 32799 86110 53183
832 18
75680 98497 76482 44419 29059 26078 54441 1489 29746 12923 53142 4567 86392 4118 85275 17213 3870 42719
9795 18
82816 40005 17117 47305 65418 76716 41804 21198 21612 63213 76529 20434 43506 20885 27957 91990 66744 51869
8366 0

7881 11
50018 94115 47235 95013 27882 69356 29647 8436 30549 40758 30489
7442 12
88608 88066 43972 60742 51910 31144 84007 2411 95694 75666 83475 18588
5849 0

5558 0

2664 19
73485 69525 65434 84514 91693 47150 70202 31295 54995 80596 47589 73448 30059 39531 96111 57718 57976 52093 60287
2138 0

1830 15
11233 36419 99555 49157 5094 84167 36071 87850 23345 19379 38070 67032 26905 11193 35453
829 10
11202 2020 79013 57872 55346 87347 84083 26965 64598 71741
6924 0

6623 15
49504 31681 4384 31814 96838 2855 33766 60235 70799 42512 89744 26996 2008 27997 25918
6464 18
58880 66338 88610 49221 70117 78557 19163 8972 42093 73743 7568 42483 73781 37271 84763 7421 51166 71231
5607 17
99744 59715 1411 49891 35592 1577 2953 87884 47916 93808 66512 52916 1237 86135 13976 25977 40859
1948 15
47299 21221 85158 87494 39560 27621 99273 80843 44912 55184 51547 44627 21302 90682 62011
1557 16
11168 85028 60485 13668 5543 69284 5566 2858 64895 49134 657 23157 24504 3194 23294 8127
417 17
66048 47041 10368 42052 1989 99685 96586 53611 94957 93582 95889 35858 23860 67351 54617 15324 6910
7261 0

4473 17
77021 51623 18569 6122 53865 23389 80782 49167 42415 91984 73746 50259 26005 50710 4317 43064 71325
3999 0

2738 9
85669 29926 11467 51020 80013 79375 60345 87867 99070
1873 13
21409 92516 96876 89584 34416 83314 87217 83188 75354 29783 91002 14302 81407
1868 0

1743 19
80002 50948 68503 12591 29366 24247 76602 50750 12481 65475 87627 24269 20821 94296 11480 23004 9692 34912 89597
703 17
49317 36614 86055 73064 66951 89033 56745 79756 10282 70286 39014 75982 23091 45427 97238 73048 49338
9992 16
65697 60898 63811 12834 84675 18310 28487 19245 2448 21906 65970 94642 50037 24118 54487 11896
8521 0

7963 10
79522 74147 25831 89191 9705 49736 66573 28370 61205 74649
6446 17
68545 46530 27618 99013 53448 97353 66792 68205 83774 58291 78839 35735 69144 98393 36923 10142 35871
5171 0

4072 13
72640 68899 24964 20232 40813 49199 82192 82737 79313 66899 45975 79547 27998
3729 10
92769 83971 95081 91787 11564 25485 2650 62809 52186 15581
1996 0

1241 17
32832 6017 29536 25953 34500 58465 31753 64170 90313 86125 35438 33262 38480 47856 7283 99029 22364
599 18
23800 70241 84613 86730 12746 25834 95277 65840 77874 11155 91700 56373 2772 87674 87928 89722 78333 77534
9761 10
54689 55044 3750 91084 91986 74259 97684 61586 28058 97918
6821 18
47392 38721 99232 13254 40424 6120 74059 34765 65710 36401 30421 2614 85849 82842 64475 93884 40734 1631
3932 0

2119 15
59456 39745 84550 27592 95209 45675 4940 76818 40627 88212 34485 93238 10162 23288 12283
9960 11
87648 72481 62212 54985 81485 64334 10159 51956 72726 6102 19578
9285 13
97926 5962 5194 22749 47155 31449 31541 78262 31286 95510 91577 65242 29181
8093 17
84931 34533 53286 15847 89863 3141 39976 5675 18541 1934 22993 17236 35669 93112 97945 11320 46747
7974 12
76647 26314 45484 46572 36882 26355 74034 46166 88310 27448 59320 20571
5765 0

5761 15
58848 51586 59747 70757 90886 82537 82127 13204 84117 17367 9465 22202 19707 7101 77951
5471 16
69600 67905 44193 65498 70949 64136 62953 85226 92558 14515 33430 31354 60059 90653 24670 54303
5100 15
736 8513 3203 46790 81289 96189 90513 88881 75251 32501 57302 3095 65914 70299 63229
4951 17
80866 58531 94786 83976 4648 81802 84586 99435 54317 97325 17168 60464 60946 47056 79988 9077 17051
3134 0

2269 20
37632 16400 68373 54550 25367 77337 54049 27432 36013 7341 96431 83406 60244 77141 13151 79711 96225 48995 21349 24443
1989 13
70849 80644 60870 53033 61260 89037 79182 39893 85142 97175 24761 64154 51836
7734 0

6885 0

4977 16
63297 67010 49185 25892 16293 37896 28301 50638 29970 90518 11224 65947 24860 28157 36862 67647
3698 10
32386 64709 29770 91786 3504 24081 18098 8503 32312 68347
1164 13
13120 73124 42917 97734 20004 72200 29232 99830 62806 99321 8251 73021 12671
1024 11
22368 52032 38759 58408 82442 68426 24268 4972 32114 20277 61721
984 17
43392 78657 26821 29093 67207 64584 98443 99627 3149 43599 62866 10131 5364 55512 73305 20155 38364
694 11
56320 76704 49859 58055 62376 55401 42094 57748 2487 50489 44731
9616 10
16417 17570 7556 99815 26504 78190 1364 75156 41559 86840
6966 11
19073 31074 90600 38473 910 94353 60597 5047 60828 15390 16670
6826 12
41184 49952 52131 56931 75337 46958 18798 17486 6581 31516 45341 44766
3229 0

2131 0

69 0

9775 15
40064 7553 51106 75873 63112 61448 94834 77427 58834 65172 79094 10071 63160 4152 74620
9200 15
81025 75076 40998 13319 72874 94798 59635 8628 21877 90870 49335 23736 5786 23611 15517
9002 18
86336 77985 34020 57226 99659 62316 58943 16782 49905 31122 13716 42901 39863 52024 74681 14234 12124 2591
8644 14
68386 22724 35464 76680 89898 34444 30861 26767 53074 89846 51062 73627 23452 34877
7644 0

6792 13
17248 56258 2690 74662 37289 28459 60785 29429 5277 3160 7163 71996 52189
3568 13
34112 1417 38570 9324 37582 3120 15600 66803 99956 5430 38169 31134 20511
2722 13
91360 75712 91586 22626 30535 85352 68648 63596 98911 58239 63545 75932 2495
2115 19
40196 54155 44940 99988 52372 56731 50089 70698 57393 62652 72783 67550 56546 3811 36470 631 30329 82299 28285
1453 20
68226 74243 15385 38811 25123 39332 66733 28208 22832 17714 1339 54983 61255 24651 59341 51412 49749 70749 12015 56190
520 12
41348 34091 22444 90702 19502 110 13745 63571 24213 61116 13982 81727
124 17
95809 1761 15396 50535 73992 72008 42217 14060 24621 14797 27245 24050 15639 22781 98554 59965 19998
9028 14
27682 1506 70946 75877 18377 51723 33839 69008 9170 90292 151 37017 83450 71195
8828 11
98048 73633 3074 8643 20517 2725 54634 32078 60340 60793 54746
8392 14
41824 32513 20066 80643 95714 29951 96203 42060 99981 96946 36885 6519 2231 69215
8330 0

7843 20
3970 17796 77573 40070 13585 38684 5667 15016 20265 40884 9526 42817 99266 75591 45791 9698 74467 31208 44404 31352
7666 17
6528 57985 12676 71368 7657 4587 74893 10829 72848 69744 62577 35764 59732 23158 43543 64442 67198
7363 0

4381 20
89736 40460 38669 50195 4894 18215 75947 3505 54841 1852 1734 46161 21975 47841 49126 81256 58217 31979 24950 38524
4170 0

1984 9
92038 12902 32744 60456 29613 41551 33105 80178 33464
1246 10
20097 30500 4487 51374 25166 80527 90353 80211 93683 54425
9934 13
42785 74498 61475 40644 85896 13865 33290 48939 50954 76048 62769 12599 31611
8893 9
3751 1543 66601 53488 38000 83218 40824 90842 94973
8831 11
73255 935 28394 92109 8173 9652 21173 90428 83003 8156 60767
8591 0

8211 12
38720 85379 12421 38438 30378 17390 93585 15603 24150 91735 89942 81279
6679 16
31872 78144 32194 29223 35817 55721 65611 80781 47119 83887 65843 72151 67448 82681 36508 27102
6134 18
58272 84770 3 72197 54442 88845 15983 93362 53746 20223 28511 59575 17304 16441 8314 15130 21341 46847
5568 13
66563 11333 83113 15721 86322 40116 11989 70548 72568 17432 45053 67294 65855
3470 0

2126 19
39045 16653 75921 5152 79908 80042 91307 18221 2994 14772 46775 83515 37437 15433 92653 39158 24695 33272 6266
1316 18
9602 88579 27652 16101 76036 16199 2024 31724 42573 54062 8399 39821 53426 40854 47191 11195 91966 67807
673 18
74144 58881 44256 29444 92933 72520 46508 37068 20178 17215 4694 42583 93437 65306 73053 96349 59134 50079
8618 0

7838 0

7007 0

5502 0

4364 14
36672 15208 34216 33386 21995 34699 7404 70129 83347 61301 94136 48440 30905 95358
3626 18
64512 71871 83171 35013 71046 48568 12872 97070 36207 18769 60051 93140 51156 88247 93048 43673 44095 47103
1886 13
18501 90527 23337 56011 77196 76267 32430 24943 19375 99025 16148 69917 27423
9017 12
91072 19329 43329 95557 14022 60619 80430 5712 26768 42812 91709 65630
8659 11
57540 33893 16263 28136 70857 71598 74354 46930 50837 50421 36054
8222 11
89187 45179 80975 5394 98195 63316 40631 56920 32921 96763 52797
5942 0

5933 0

5654 17
83268 80070 49319 26060 3565 8560 26456 55252 47669 58774 3479 13720 87670 94010 10907 59164 42559
4713 18
7840 15233 55232 2430 15110 42024 47016 20393 76521 97498 6256 79089 16018 4500 86903 344 70362 20958
3883 15
42944 24416 48709 52270 97903 81808 44369 51928 45299 33589 99574 60726 73176 22713 73083
2257 11
26567 37279 53545 8041 49709 92596 97877 35380 24086 44184 83071
2235 18
81026 19971 71171 18597 47269 56327 90978 24426 60651 91372 91502 39343 31664 65586 4980 94805 34107 75038
314 0

9963 19
35723 3471 74257 55717 34741 51392 32448 66242 9928 11101 54749 13534 13159 47722 99824 23537 43895 1914 27003
9534 18
69664 59041 21698 29539 57504 40101 9067 812 26956 52139 94191 93040 78828 43216 57427 85611 53740 78748
8254 16
71939 59811 51557 10821 12813 494 82031 88947 42451 31572 81783 99576 13658 21884 18461 67518
7025 10
19809 33186 52644 5509 19506 98482 18708 10805 81812 52788
6380 14
96388 39333 55784 64808 20074 80460 80653 22929 62129 43186 90161 87093 80477 94526
5888 12
27297 79012 86405 70538 99563 363 82769 37781 98551 94808 60794 9853
4669 15
33474 38851 80104 16777 50155 20140 47499 97200 10928 7570 97651 32340 53493 51957 70364
3871 16
60672 38562 98821 93465 68647 2283 86380 83757 93037 67022 29774 67314 52692 6198 34264 36057
3771 15
37818 61793 68262 91814 76040 17287 25515 50067 36790 88728 29084 84474 52795 82940 890
3678 17
62688 10529 53732 74726 89351 79816 76329 47403 29646 59509 21110 78677 7032 61464 63738 85429 82683
918 11
26656 50540 50606 48558 92080 3345 51025 67123 26806 12247 76152
293 0

79 12
17409 20294 40712 68010 5547 92238 9743 15601 81522 95827 34003 3069
9507 0

9168 0

7042 17
92896 60582 94727 77640 27467 37687 64879 72464 69648 1911 79123 18938 87349 24343 38712 42074 18110
6212 13
5696 10024 14766 11374 52625 15924 28692 62838 96981 35386 29498 84445 35388
5798 11
96481 16994 5857 42982 23591 99945 41195 93871 44434 58620 17308
4065 14
69244 6561 44996 90021 59940 86029 18030 16624 43537 69141 9496 50234 99292 33951
2900 0

2557 0

1044 13
36160 47616 72992 2081 46663 32697 60239 35191 60633 14907 51997 46398 60159
521 15
61408 76673 88648 4233 57801 2059 53166 2254 84559 11261 98259 82837 85149 35549 7326
8958 12
37090 55618 35279 55120 63505 406 60567 19992 59386 60861 9150 68824
6751 0

5811 16
74209 45346 73954 1668 30850 13126 85320 72936 6893 17872 50897 99537 72787 97719 35642 74557
5437 15
46209 40517 37541 90727 49865 62156 29133 39244 75118 99313 10326 58359 63416 36537 70941
4660 15
26081 72867 10404 34629 68486 62952 82664 39466 49130 50666 49197 8268 53046 6364 18015
4101 0

3963 13
77271 44899 14372 38634 9198 40175 2032 5135 8815 40951 84695 46136 86171
2111 13
88323 26952 60105 5996 8110 43759 41618 10258 6578 38453 47961 6653 29311
1883 17
34850 46341 93831 41480 18921 54108 8527 87919 57105 67858 12144 43476 55701 93686 87448 35036 97496
1425 11
74273 82434 61665 74693 44715 24556 90989 71125 41816 55771 68541
1110 13
63840 81924 79109 46345 31146 82667 79216 76657 13971 11124 17878 94775 52822
993 19
73605 37640 76936 98571 61584 1939 62743 5913 82869 15551 98506 73163 83276 2896 93522 3923 96099 65658 81791
657 8
18766 28948 7188 35060 27863 62073 39742 42847
9872 0

9392 0

8902 0

8869 14
25250 49369 53509 82758 27848 50700 13964 9550 61039 62772 36087 38328 87161 52124
8624 8
43169 26914 93028 95528 61292 13968 3347 16149
7611 10
71784 47914 53390 31248 11570 38709 18521 56217 77532 72767
6076 15
20161 16963 73316 88709 31939 19881 8076 10124 18577 98737 50101 66935 90393 20059 12702
5423 17
1409 70050 59012 95207 28551 1773 49455 16272 35455 94963 55156 9815 50200 21946 31739 46430 8351
4397 14
41856 18659 70596 78149 62566 27853 5263 88370 58227 47282 1045 61075 57816 10042
4215 15
67456 21730 72899 71012 25445 46303 64071 97864 4969 9327 2736 12790 89433 80542 18783
3553 10
5665 10148 34662 56077 17902 50288 77845 64438 85269 18201
3413 10
56065 82597 46956 11789 80404 7166 23259 93981 70750 14911
3050 13
17096 20139 55851 77035 31709 7507 20053 89911 80440 14042 63291 50044 57053
410 0

9227 0

8101 0

5873 0

4116 12
40454 9338 36488 14922 67788 19149 70766 52495 61807 10414 30546 28986
811 18
32257 68738 50881 13093 58470 87847 66814 87977 11148 43056 33777 36628 19254 18871 84120 60123 7006 94207
8818 12
95488 70211 294 39943 2506 18827 36626 40659 94583 42040 27965 86782
8536 11
22722 72420 46383 47251 76757 37942 29653 96280 24795 48124 69885
8008 15
86370 69382 78634 50829 93520 71377 38386 47538 35381 18070 61943 69813 33914 765 3839
7166 11
49505 74754 35811 86148 60261 58833 43444 59221 98138 99387 20255
5193 15
31968 55715 32326 21798 78377 60938 45002 57071 74255 28848 78706 69331 84756 36532 89721
5113 0

1899 0

1711 0

1361 17
36320 24193 37985 65315 66725 49862 93481 82665 8013 2574 23315 77140 245 13303 98455 36891 67742
6418 15
79744 75744 3708 99717 81382 4176 55251 7124 14997 96150 55802 22844 71901 91998 82879
6232 0

5513 13
53280 39013 87175 44137 56844 71501 87634 3443 68500 58261 85906 65210 49374
5286 10
33603 84511 27086 94415 47790 83647 74002 4117 22812 60639
4164 15
36802 40738 87460 44932 35906 4903 29670 31466 84170 5488 4947 83957 83030 32376 91515
4011 14
56544 25444 27333 37512 71497 64750 45199 19886 27377 17556 91863 84344 62780 93247
3459 0

969 13
16352 94144 77890 38137 3560 64681 90538 4938 11375 51351 24281 7644 29407
438 17
63712 11330 42082 38629 32649 89610 99274 26861 35054 66175 69232 83889 60434 79345 27092 66969 35391
9353 10
53825 31682 37027 42507 81804 70253 20075 4698 78811 93341
8848 11
24353 1925 23014 75239 52782 31345 86770 36789 86294 88061 15262
7804 12
55552 30785 71461 72232 90637 50894 30002 3827 42228 10549 40986 51995
7302 12
18178 69412 98405 4551 95949 24210 15124 74549 37237 90996 91896 76795
7258 14
66786 79746 83588 73383 13832 79404 66192 51793 9938 53365 49014 80630 33015 60285
7177 11
92866 98723 37924 79707 3402 7818 41812 2230 28825 91994 41307
6330 14
27328 16610 28898 58730 27979 78765 10959 95250 73012 52309 30262 5528 2361 80921
5272 16
37152 14946 44610 83652 18631 8396 79790 37519 26000 49264 50995 38740 54677 82744 52185 37339
4463 18
49953 45282 28195 32644 53413 83013 79233 93378 47964 87340 47407 7858 33779 25685 25398 90453 39388 829
4231 0

3874 14
87298 78658 97508 95847 9095 92240 59828 47125 1910 99161 59962 97819 51644 7225
3211 0

2162 17
49668 54504 17961 93034 42376 81610 31401 81932 35593 33165 54449 66269 44531 31645 84861 63614 34879
2047 0

1682 10
3620 30759 78983 4814 67791 64179 15285 21978 53116 71806
783 17
42106 63943 89896 99401 68715 41389 2958 593 32306 50900 92020 55062 67862 18165 14838 99706 85759
248 16
71460 14983 84520 4364 9102 41711 42673 42868 31765 21590 41047 45880 33656 63932 99836 10590
8261 11
1120 69785 91973 4423 52714 14258 36050 93877 4281 13211 78430
7803 0

7280 0

6929 0

6793 0

6724 0

6618 0

6236 18
72514 31748 97316 46152 74537 26472 23755 43916 89773 21997 95663 6736 49075 89011 85494 37495 67257 71100
3034 18
45572 25349 70245 67044 64825 88522 50059 1035 44302 65198 18416 97841 69266 86482 64024 28057 41881 91869
2354 17
34592 18980 84102 10055 94728 36553 48364 17389 95568 44082 85588 88758 43350 98489 83836 64925 13855
1584 15
87744 80641 95584 91937 20516 41634 55911 30631 92745 39082 21771 67789 51502 11055 35610
983 11
21861 63719 23431 94891 74032 22963 13684 8149 80601 42650 1403
498 14
38688 14276 95302 77897 11241 4651 55274 80075 85390 74383 84687 72849 64733 75135
5269 16
63780 38405 86823 5257 61193 41417 79595 66959 9236 84148 24854 27223 55893 34903 7929 50139
5227 11
83714 93187 81167 47732 62742 40790 7672 25082 46717 74622 33407
3792 0

3347 0

3186 15
12675 96963 15814 15050 12170 9898 37262 5550 33520 11697 13938 25812 64921 4252 31037
2986 0

2657 0

9916 15
95010 75779 58820 19396 89381 22530 88744 1929 86729 93644 96141 1394 77432 80348 92092
9103 10
98080 51298 46179 12231 40936 59467 94900 49435 38012 63709
8751 0

8180 0

7148 13
71203 52707 3013 50825 32426 48396 52590 51731 13913 4474 71260 15901 8543
6715 0

6665 15
14148 90309 67942 35658 21582 60207 94640 88816 20270 50515 96148 49364 78328 31325 15422
6423 18
59936 83681 18339 92164 95909 51462 60935 77451 7116 28524 29438 6832 10228 40246 23991 95350 9657 64766
6370 0

5971 0

5438 13
76256 49632 98 68452 87397 41381 6373 89930 44812 527 13272 60056 94553
5045 12
96736 59458 8168 81929 47278 69841 19538 91510 74295 5722 16030 15487
4986 14
40128 40099 66917 1414 25224 82988 22541 36753 44980 63605 3255 99737 6363 52927
4374 17
35776 8107 84396 32556 7662 82383 65200 83665 14610 77843 23023 86257 5748 21304 91289 76539 36125
2991 0

1927 0

1878 0

1618 0

1226 11
64032 62617 94276 44775 44968 86281 233 96907 46361 22973 77342
336 0

310 0

25 10
69060 87786 16523 60620 5898 87370 97951 28562 8959 31263
9724 10
52416 89926 24199 9593 43882 18668 50861 90703 72055 52985
9596 14
28257 92897 83745 62020 70628 58817 6407 46877 83441 74803 36022 68283 82845 350
9077 0

5990 0

5030 19
35724 63887 19728 30735 42899 98456 57136 36144 90423 66633 10444 36814 82133 53718 43874 1763 52071 44278 8186
4275 0

4058 13
53443 84900 56871 7336 27207 55020 46267 7826 17426 46516 29557 50042 62267
4026 11
77408 57601 94401 97985 8548 79079 398 15377 86359 25243 9852
3593 11
56321 43298 4356 86790 93767 97806 54417 34994 63730 67321 25849
3094 11
19811 96483 91141 94442 41836 62188 4876 10417 72753 70804 26457
9809 0

9667 14
13401 90180 66630 94791 54762 40011 59887 50609 16180 20501 36504 43833 66302 70655
9506 0

8128 0

7296 13
32866 54115 9476 77828 12073 51538 49203 79028 11285 2547 36981 23355 33372
6980 18
18909 96257 52865 25220 55463 10247 5705 57447 37419 345 57681 95986 92148 53205 40284 5817 46236 23837
6355 15
56480 20133 17030 31177 10185 65387 41965 97645 62766 33872 44783 70258 94618 50907 91485
4919 12
98753 19554 74860 76319 89104 82160 60469 6006 97559 24316 92830 30015
4750 18
20032 5762 37091 27589 65542 54443 89323 58125 42356 83605 59189 68822 38488 12153 88763 71773 37214 96351
3955 15
63838 48803 6022 9607 38251 77965 48400 13169 62354 21941 96437 88248 87897 21980 20670
3622 18
80674 17987 17060 22725 4741 42567 44900 76681 95080 90636 12239 75569 73330 89331 57909 1945 11707 66237
3423 0

2366 0

2021 0

1992 10
27810 98786 59875 40390 19527 15657 12427 78260 27647 83935
1345 8
91428 82341 23559 52360 88362 94509 31986 51800
83 0

9767 0

9701 18
62016 2818 31395 27268 51074 15781 91110 86794 31118 65966 72243 1525 25174 68342 8182 82937 1052 8094
8587 0

7726 16
63936 26720 29087 85737 43404 44524 79952 61424 84050 9587 82992 88213 91734 52019 44950 51359
7452 13
75969 70818 73154 55173 87337 33899 44527 70801 38193 94579 17398 68860 28031
6939 0

6794 9
60680 61900 20271 22895 94962 64947 23957 13622 58079
6634 0

6349 15
34113 26147 26396 78121 84043 26540 92433 93970 26165 63767 96477 82010 21212 17469 96766
6001 15
2465 9506 49955 79879 51208 95049 68073 18285 23407 79986 44179 16340 15542 93593 73661
5254 0

4402 9
31459 47813 59661 12941 92752 94612 4185 28026 56187
3394 12
15939 64967 98924 39436 2863 58482 10938 93786 54203 81118 41598 95135
2990 0

1807 18
77216 86753 93474 88738 48294 7847 55560 97929 88360 63275 8010 89163 94259 99187 60598 49334 92886 39933
319 14
75106 29987 1286 9703 71080 56712 65450 61579 2162 13491 55351 12761 3195 30045
9143 16
88929 60772 45158 96999 67560 69322 48011 25932 57260 85265 88337 40948 66006 91287 49178 52799
8843 14
50624 41602 56130 58949 51046 62185 82538 78685 30128 39604 6612 41879 75867 26685
6218 0

5697 18
1121 80194 95299 70873 55750 27942 71978 87279 46481 85458 64853 20694 31031 15736 87577 24566 66684 22237
5200 0

4677 15
98754 71682 86628 5862 53479 43563 13292 60333 44563 72469 89654 28087 21688 96475 12029
4613 0

4430 15
93730 58755 44228 55012 12679 11400 52219 3216 80369 80658 68883 62452 1557 73238 81339
3865 11
59457 56930 56899 90434 44454 73034 92300 15987 21619 22710 96823
3632 12
31648 73286 60329 91017 56974 94062 34962 46997 64088 42140 23357 55839
3307 0

1960 0

1002 0

814 18
93376 52641 46466 75362 84488 93737 41032 36942 97902 63855 84848 54707 49076 50581 55991 5977 23036 17022
9574 17
46276 59397 30215 2343 28041 58472 32523 78540 62810 10510 5934 58606 65428 47383 15704 23994 97499
8363 0

7191 13
20961 84098 55622 19977 5609 86154 97099 45325 35312 33140 60405 39828 12118
6109 9
12003 61318 71786 39924 93430 1178 19931 89884 25854
6084 16
34816 75328 26978 29120 49700 21830 91466 70603 40142 82735 69840 41715 80020 24662 5947 81884
5950 15
3008 42850 78148 84196 91878 85222 2055 14756 25452 1357 13810 64882 79797 30523 39675
5547 12
9153 89992 79694 71951 83536 35887 50578 3379 77720 49370 77659 5500
3998 12
89508 94628 91337 30958 4051 97779 64979 88054 53876 57688 19932 71934
3818 17
77664 82884 36133 85029 98521 21513 37897 55017 79850 40684 30574 88240 75954 24980 68854 825 96670
3694 0

3313 19
27145 15393 76838 16056 29372 13500 39101 61534 55400 78315 86764 15087 69247 54001 29810 21240 27001 12670 97791
1824 15
72932 30186 65226 46666 59120 24816 60722 15316 18005 93300 63962 29019 8572 22845 33502
1731 18
68097 6756 2408 62603 9773 26239 88863 49365 58646 95703 26296 76857 44982 84056 45653 19645 40693 43551
1464 11
32384 32197 33607 10968 90673 6964 40376 70201 23162 61212 31005
1037 16
89697 59650 11076 59078 61415 17608 67113 90410 23309 90382 46511 91667 43317 36246 86998 97148
613 0

9638 11
61154 54948 53284 937 62090 48586 68397 655 15986 55763 45336
9070 19
95623 12301 41616 78622 1833 50741 34749 46400 22344 48849 79699 12507 95459 78692 28391 78830 26864 18933 18941
8793 9
20512 40743 64717 81521 58865 73535 80599 56029 52159
8338 14
77152 55329 26755 39620 21354 50955 92112 43634 2866 1492 12663 20665 68732 51741
8070 0

7674 0

7506 0

7039 0

6609 15
20546 76612 8037 26726 34525 6635 91760 73426 44884 78614 69910 17782 84281 64281 22173
6367 19
74113 46085 55688 41361 18716 12701 51998 4513 68008 4138 89772 59315 8507 95063 7512 85339 53725 51554 55679
5530 16
78721 19170 81028 15173 59366 38569 8809 59019 6221 36305 76723 94165 81846 71384 70492 95967
5388 0

4975 0

4606 0

4451 14
79238 73767 44298 35019 9740 90828 68683 18960 86801 76468 73365 27989 90999 82748
4355 0

4246 17
32000 9858 44035 59780 8708 81796 21451 79660 23821 64689 38259 4405 84822 66005 42037 67222 53527
3454 17
65984 4898 32422 61351 68136 19304 98346 52330 84783 65362 65778 19732 34871 31384 7321 9148 65309
2923 0

2778 14
6688 11107 7237 66600 10732 64301 12271 13424 75312 95289 5212 5981 53630 95839
1516 0

1014 15
62913 74625 46274 33578 30283 74634 41197 67950 76791 65429 7927 77146 27325 21950 37599
963 13
6568 75948 30255 98800 1039 52089 83507 83252 28885 72532 80121 37402 91036
930 0

897 14
13632 30177 90241 85252 3370 71146 92813 43187 64407 35768 6362 89915 31964 44446
337 0

335 12
80480 76675 94501 93125 37895 14122 67888 37203 29236 96982 47002 51965
317 0

9871 0

9810 0

9302 18
22657 35617 46052 39129 83431 31657 85673 38601 15916 24685 8397 85456 23442 16179 44023 6648 43289 20060
9124 17
15298 17411 43429 94572 32653 21421 72526 12780 92274 79060 44053 40886 20981 60377 62522 15162 12191
9060 16
47744 32288 21954 28418 82115 49125 58438 91847 85768 51498 30539 3631 2832 17460 78524 39421
9013 18
73728 63012 56101 79910 92583 49605 28809 23750 97195 64716 56551 45327 52400 46927 75957 33431 41657 88859
7977 0

7069 0

6940 0

6805 0

6673 0

6619 0

6209 0

2892 0

2414 0

1844 15
32769 22883 69508 82730 19179 84941 95886 28593 67700 67733 98585 3226 54363 92028 6335
1394 0

1303 0

1048 0

585 0

445 16
24640 24482 18854 90346 14411 64459 36172 69678 55148 59344 47090 86612 35349 27036 92413 2014
9406 0

9204 0

9110 0

9064 12
14144 48449 50724 75503 53135 59567 67031 63288 27417 11002 97723 26172
8300 11
92704 62377 73038 15770 31408 54196 33813 10836 9754 41532 51039
7474 14
52192 31076 56389 20262 88361 55913 46285 10447 50513 40882 96179 56439 37821 74623
7218 0

7205 0

6763 0

6470 16
50052 52709 97384 81962 97803 95501 52430 90831 28558 1969 35795 64147 1076 20950 18006 22269
6442 16
69280 81761 11172 11660 71791 20785 38770 71284 82710 27191 83160 52025 6299 73213 36183 36383
4830 0

4749 15
75299 57605 81797 44007 82221 3103 61905 13811 1428 38677 77302 56596 16155 26268 21535
3799 0

3617 10
23200 84356 48872 91049 44752 19089 40209 74355 28124 69277
1723 0

682 15
67458 84194 3557 44613 47847 68424 32681 33000 75338 93357 6927 57490 88473 97980 90207
296 0

9836 0

9676 13
89472 43234 24519 93929 14601 96170 24654 52718 68280 70745 94138 16635 14940
9106 0

8427 0

8269 0

7534 0

6484 0

6285 14
83809 32485 94245 10521 24073 10892 26159 14578 62169 86520 41241 96251 86974 93151
6060 9
58658 9960 38156 86675 2388 33014 96346 82043 44028
5664 0

5525 16
3297 25763 2694 60775 28392 51593 64360 73677 93457 9905 53555 37553 91800 985 77308 75965
5374 0

4891 0

4367 13
44992 72896 17410 83811 69318 27337 16329 8973 55056 83027 92503 65627 17724
4241 18
32512 23074 72229 64581 16678 87208 11817 22983 28901 94093 63342 62174 65406 5812 57750 69432 80956 66206
3472 11
99557 92424 59977 587 28175 35120 1105 54738 15701 98875 95870
3334 0

3247 0

3212 0

3080 15
64673 40481 74341 17256 20809 31977 6733 69934 87054 78611 31796 54164 3671 1883 81404
2798 0

2687 11
33440 30789 53638 75463 10290 73845 18487 74329 55575 22525 26687
2655 0

2329 0

1813 0

1550 14
76247 94711 9830 46278 38858 18735 95024 55633 40400 53781 68279 33528 96794 27391
486 0

5 14
83777 98759 47081 62891 30091 69906 90613 41431 34776 31929 70553 14459 85820 86009
9336 12
98817 4034 95682 70375 18601 18473 50935 77454 69072 31985 7095 89465
8488 0

8422 0

8388 10
70556 97776 60592 47698 25618 40309 693 65980 73436 5630
5450 17
77409 71235 22566 57511 52840 29993 53752 59419 38670 72058 57238 15446 82616 14522 56603 63132 68959
4742 0

4177 0

4001 14
13888 29890 97667 31140 13030 8528 19280 21650 51954 65591 90042 81051 45852 79390
3947 12
40480 70178 21316 12650 97418 6863 50385 18930 92530 46971 29341 55870
3218 0

2976 0

2086 9
10082 22534 71240 21483 8855 69080 10909 64126 50175
1826 16
83776 66497 21922 83330 55687 62632 17481 21512 38060 18765 90765 64048 5968 26070 79766 9471
354 0

9787 0

9562 9
90086 24074 17388 78801 6065 43028 66324 82933 73374
8138 0

8122 9
55650 99042 22757 93479 6121 93036 98957 62802 53274
7822 11
550 51399 74828 66124 45966 75535 20701 86967 70296 77976 15773
7770 0

6902 9
66272 12745 71819 96365 2063 43924 73429 89815 87326
6239 15
40704 45378 27871 31844 26885 50310 72953 59596 10636 94511 16312 79224 81944 635 57560
6228 0

6153 0

5999 14
59137 69509 50054 21000 42056 75402 96427 41739 70701 11566 89070 10128 75664 33623
5291 14
14817 59522 34906 56315 84620 90668 57167 61936 70384 84149 76501 28149 38170 65915
4963 18
61153 28802 32355 36289 39937 67334 62023 34875 13355 99629 28048 21360 47826 44372 31380 99191 21883 42460
4490 17
88257 95526 71337 81386 49258 39788 70238 83630 94608 77937 62514 73041 73008 6041 58202 16060 19038
3289 0

3243 0

1752 17
83265 226 3907 78980 40002 63175 14089 88425 34219 14251 50923 66285 97137 6294 70743 56345 30714
9517 0

9432 0

8890 14
98464 30752 5858 79810 3650 6725 96640 42631 14151 36749 29939 15643 26620 63102
7071 0

6931 0

5956 0

5159 13
96577 21122 91427 72289 53252 35207 44456 68138 33771 28051 48536 18426 66428
4933 19
23819 67725 38428 14509 1839 92209 79794 26933 94648 23748 79686 12876 8786 20954 26349 84850 17651 20475 93439
4855 0

4351 15
46112 19361 39778 12710 62473 11978 38794 74284 63437 91438 79471 16849 46872 29015 55224
4009 0

3892 0

3290 15
28385 18661 82662 93512 84907 76 33484 14447 79759 90740 81172 43961 23482 3676 91742
3254 15
39232 57953 67333 7625 31947 9197 36659 83955 31863 73943 91770 34267 73371 37406 2431
2565 0

2535 0

2331 0

1940 0

1676 0

1415 10
36581 35560 12331 67311 89423 86353 59570 60818 11057 18746
706 0

9275 0

9221 0

8328 0

8137 0

8033 0

7830 0

7312 0

6743 0

6733 0

6717 18
36096 32544 28162 25539 83653 14982 18904 33661 74352 68371 52310 26392 40088 87993 2492 62589 95454 18367
6237 0

5585 16
21281 96805 7109 7655 47944 52702 21611 22256 19380 82005 88662 74742 48826 72826 8062 32575
3684 11
81144 75138 66179 36274 52341 65974 38487 64184 15994 13979 50494
3507 0

3156 15
41314 94725 70022 82727 18056 20300 44433 69169 43827 68184 60921 17659 48445 93278 5883
2960 0

2941 0

2824 11
97960 91273 10632 72587 14508 97295 59793 55254 87607 46614 55607
2520 0

2293 0

2268 12
99746 82754 7877 16134 45035 17071 53492 35862 18519 46809 16826 46685
1249 7
60004 13016 70255 87288 24923 43004 10207
1065 0

9553 0

9461 11
87140 44422 35751 4073 19856 63315 40090 78587 87580 40413 8414
9429 0

8572 14
22464 11908 83108 88489 99978 35534 5616 54514 29877 53430 12537 82427 61981 96767
8569 0

8404 9
36801 82120 91728 44882 38866 58196 13368 13529 96954
8198 13
20928 88933 3079 59495 51113 79594 96298 48942 92622 10738 58483 26204 41823
5889 14
196 21957 24905 52847 67023 60145 92496 56880 50516 46453 52052 53753 41564 25503
4819 0

4383 13
14272 92898 49762 64548 37770 3660 40441 15791 51153 21265 11447 6329 88191
4148 0

3915 12
74117 74855 30953 67403 98284 45917 55918 72951 63550 98747 83261 27006
2147 0

2079 0

470 19
84614 75916 60568 72346 65050 85789 83487 84652 54586 34110 72655 34263 7128 30681 42465 50532 58852 71140 84978
440 0

383 0

34 15
66243 83619 88521 54026 6351 94768 89682 34868 97750 58167 27800 78776 37051 95869 22903
9550 0

8157 0

7736 0

7601 13
31394 60839 48744 44649 70028 51149 4908 9712 89117 30420 16892 83421 77438
6633 0

6612 16
91424 11996 51976 56585 64075 41036 1584 90289 3698 21810 26840 22393 61274 56700 60509 63998
6492 0

6250 0

5835 7
93568 93577 6703 89745 24979 78040 48697
5281 0

5123 0

4393 0

3580 0

3564 0

2760 0

2214 15
94368 69665 51556 88742 21223 71149 69006 59437 45646 75024 6515 64376 59288 25274 37980
1966 15
51362 78308 18759 44201 83275 8523 14222 69105 96754 79121 83505 57809 42289 89946 22877
1661 0

1525 18
93090 9687 88997 60421 9352 84745 91112 22667 59789 42323 73558 16791 53366 27961 68314 24060 95293 94367
891 0

840 0

672 0

637 0

16 0

9692 0

9641 15
46240 13853 56583 39752 85065 90634 91498 52231 79147 22138 77591 79482 95066 78078 91071
9350 0

9250 0

9007 0

8982 0

8663 10
87246 60655 38608 17711 97554 43539 49876 6134 8726 9850
8616 0

7954 0

7875 0

7702 18
129 77442 81986 9761 95141 57316 29319 68778 42188 84473 22798 44431 45200 8305 10293 69145 44954 5790
7462 0

7290 0

7088 0

7072 18
95521 80706 14344 52746 3659 17708 96718 60880 73842 97556 72820 23190 39286 95736 96889 28666 23931 90714
6995 0

6899 0

6251 0

5590 0

5177 0

4828 0

4817 13
48229 54216 73641 71596 30252 88560 86077 42036 94199 11129 15645 89661 69823
4083 0

4055 0

3891 15
36064 92040 96200 47052 46221 17549 77393 5875 64916 42805 45174 86807 70328 21847 27807
3605 17
25793 61346 27779 45987 87257 13642 94252 83853 4942 8975 42192 72147 23769 66554 68443 31578 83102
3420 0

3406 16
67680 53507 36740 39556 3749 55139 82917 84299 66604 33196 91345 2838 22649 86556 2525 77535
3301 18
8738 40547 19556 87044 1990 17449 19561 35755 31788 38908 71697 89106 25109 92476 4023 70229 16442 2972
3167 0

3022 0

2375 0

2058 0

1922 0

1803 0

1565 0

1028 0

825 0

684 16
96289 75396 78566 18534 29962 47959 7471 17968 3569 6642 76404 76599 62168 89530 59709 77143
465 0

407 0

360 0

147 0

38 15
92416 96167 21768 61902 45134 42521 8915 5620 97654 40183 40728 21305 51190 734 10335
9889 11
70722 55108 47077 33093 75653 17833 75279 32305 99860 39701 29752
8717 0

8683 13
76224 44385 60422 94313 70123 54414 58644 5972 22774 16759 25176 87996 15613
8583 0

8262 0

8174 15
609 52739 13926 31207 17294 86736 61041 25361 16501 1372 70808 96761 77403 89563 70524
7594 0

7076 0

7045 0

6340 0

5830 0

5760 0

5668 10
41952 60769 50980 64684 37264 51313 66577 96666 6203 16157
5484 0

5427 0

5175 11
6659 81030 57263 29872 74994 34740 51604 886 12890 70139 31419
4297 16
5924 40293 81533 8519 75660 71757 28652 50128 35826 596 55765 40342 85081 19612 77693 7838
3941 0

3767 0

3740 0

3572 15
7170 52260 61989 89382 25351 71847 92553 60392 36954 57615 65971 58966 83768 56378 11614
3545 0

3463 0

3418 14
37794 98243 48325 96870 67750 78891 92780 19757 21134 12207 28143 8222 4314 65342
3369 0

3352 0

3192 0

2585 0

2317 0

107 0

9671 11
90304 78821 18246 12328 32937 76265 68750 27758 55891 77785 92380
9560 0

8910 16
81603 92261 83365 97575 26215 19559 55435 13132 61520 22611 19798 56663 87320 32055 42750 35807
8649 12
33636 89830 89832 25295 62417 61716 45589 53719 94712 68823 26555 30396
8482 0

8139 0

7871 0

7050 0

6669 0

6597 0

6179 0

6017 0

5252 0

4213 12
46208 94145 24738 29636 47974 9895 26825 30834 28342 16057 77531 79678
3859 0

3774 0

3722 0

3491 17
77477 74566 84838 19591 52810 83403 751 52272 24849 36976 87251 49651 81078 24919 39672 16186 55230
3331 0

3027 9
30048 26116 94987 72139 686 55443 93498 62107 7709
2776 0

2429 0

2385 0

2260 0

1876 0

548 0

517 17
74050 74245 54503 30055 41481 73642 47947 45419 81806 46862 21012 3476 60630 57333 54076 89982 49599
429 0

283 0

237 0

9986 0

9748 0

9643 0

9496 0

8773 9
56192 36647 40334 5104 17779 33557 85276 75291 57468
8654 0

8025 0

7338 0

7291 0

7164 0

7159 14
84160 39578 38087 84649 78410 34573 53138 66644 7829 1623 72887 79578 18427 99647
6992 0

6602 0

6246 11
77570 12292 47975 72842 33834 35090 28024 49176 52410 68475 9343
5917 0

5583 0

5016 0

4661 0

4582 0

4320 0

4068 0

3954 0

3817 0

3708 0

3215 0

3145 0

3065 14
9538 57986 57157 13897 88681 54699 78668 72236 67243 57679 27791 18806 36925 61023
2908 0

2244 0

1923 0

1640 0

1224 0

896 0

679 16
66304 38913 5442 28064 1380 38440 8937 98826 39950 5008 42288 63537 56499 93904 76598 85535
500 0

339 0

201 11
97865 59402 10122 37292 16015 36432 71506 41939 45238 55418 22782
8516 0

7515 10
13034 77803 27885 61005 85042 63763 5656 1370 32060 35357
7256 15
65158 10760 86858 33739 12778 25935 50095 41554 2354 5014 24119 25048 65334 36733 8926
7099 0

6188 0

5968 11
24225 19106 72515 34276 17157 45326 92878 53808 52656 15547 25980
5926 0

5891 0

4434 0

4019 0

3921 15
89729 54401 14659 76490 61771 1420 15053 63852 86890 74507 89556 60181 45079 43480 46074
3623 0

3607 0

3473 0

3399 15
10465 28034 36676 64165 35814 61191 22569 40973 19469 82928 48438 37944 35323 31740 76703
3220 0

2632 0

2631 0

2159 0

1963 0

1615 0

1561 0

1189 0

908 0

436 15
73634 15140 11589 86715 94503 57743 96497 6930 48725 6619 30423 58907 20540 41981 65951
9760 0

9752 0

9305 0

9266 0

9182 0

8861 0

8749 0

6500 0

5957 0

5896 10
1633 25352 53833 96973 91507 6549 5847 88504 50877 25822
5767 0

5340 0

5321 0

5285 10
31780 64457 17578 2419 66260 83059 33018 39323 669 84286
5282 0

4518 0

4437 0

4250 0

4160 10
97538 49384 2923 87595 82157 33134 57938 45332 55481 97979
4100 0

4086 0

3997 0

3529 0

2984 0

2959 0

2887 0

2703 0

2671 0

2537 0

2265 0

2173 0

2165 0

1529 0

1481 0

1403 11
8000 42019 68456 60650 55951 74162 80403 59518 58077 94238 40767
1401 0

1288 0

1234 0

1139 0

1041 0

537 0

427 0

389 0

142 0

136 0

9971 0

9710 0

9153 0

8969 0

8858 0

7987 0

7499 0

6972 0

6965 0

6739 0

6289 0

6189 0

5785 0

5143 0

4863 0

4775 0

4387 0

